10.000000
10.050000
10.040000
10.040000
10.040000
10.040000
10.100000
10.090000
10.060000
10.070000
10.090000
10.090000
10.090000
10.080000
10.060000
10.060000
10.080000
10.080000
10.080000
10.070000
10.070000
10.050000
10.050000
10.000000
10.030000
10.000000
10.050000
10.040000
10.033400
10.030000
10.030000
10.030000
10.030000
10.030000
10.030000
10.030000
10.020000
10.090000
10.090000
10.090000
10.090000
10.090000
10.090000
10.090000
10.090000
10.090000
10.080000
10.120000
10.120000
10.120000
10.120000
10.130000
10.150000
10.150000
10.150000
10.150000
10.140000
10.150000
10.150000
10.130100
10.130000
10.150000
10.150000
10.150000
10.150000
10.150000
10.150000
10.160000
10.160000
10.180000
10.190000
10.190000
10.190000
10.190000
10.190000
10.190000
10.190000
10.120000
10.120000
10.120000
10.120000
10.120000
10.140000
10.170000
10.170000
10.170000
10.170000
10.170000
10.170000
10.170000
10.170000
10.170000
10.170000
10.170000
10.170000
10.170000
10.170000
10.170000
10.170000
10.170000
10.170000
10.170000
10.170000
10.170000
10.170000
10.230000
10.230000
10.230000
10.230000
10.230000
10.270000
10.270000
10.290000
10.280000
10.280000
10.260000
10.250000
10.230000
10.250000
10.260000
10.260000
10.260000
10.260000
10.260000
10.260000
10.260000
10.260000
10.260000
10.260000
10.260000
10.260000
10.260000
10.260000
10.280000
10.280000
10.250000
10.270000
10.270000
10.270000
10.270000
10.256700
10.260000
10.270000
10.270000
10.270000
10.270000
10.300000
10.300000
10.300000
10.300000
10.300000
10.350000
10.435700
10.440000
10.450000
10.450000
10.460000
10.460000
10.460000
10.460000
10.460000
10.460000
10.460000
10.460000
10.460000
10.460000
10.450000
10.450000
10.450000
10.450000
10.450000
10.450000
10.450000
10.450000
10.500000
10.500000
10.460100
10.460000
10.430000
10.430000
10.430000
10.430000
10.410000
10.410000
10.500000
10.485000
10.510000
10.510000
10.453900
10.453900
10.510000
10.510000
10.510000
10.510000
10.510000
10.510000
10.510000
10.510000
10.510000
10.510000
10.510000
10.510000
10.510000
10.510000
10.510000
10.510000
10.510000
10.510000
10.510000
10.510000
10.510000
10.510000
10.510000
10.510000
10.510000
10.510000
10.510000
10.550000
10.550000
10.550000
10.550000
10.550000
10.550000
10.550000
10.550000
10.550000
10.550000
10.550000
10.600000
10.550000
10.550000
10.550000
10.550000
10.490000
10.490000
10.490000
10.490000
10.490000
10.490000
10.490000
10.550000
10.550000
10.570000
10.570000
10.570000
10.550100
10.550100
10.550000
10.550100
10.550000
10.550000
10.550000
10.550000
10.550000
10.550000
10.550000
10.550000
10.550000
10.540000
10.540000
10.540000
10.540000
10.540000
10.570000
10.570000
10.570000
10.570000
10.600000
10.600000
10.600000
10.600000
10.600000
10.600000
10.600000
10.600000
10.600000
10.600000
10.600000
10.600000
10.600000
10.560000
10.560000
10.560000
10.560000
10.650000
10.650000
10.520000
10.520000
10.520000
10.520000
10.520000
10.520000
10.520000
10.520000
10.520000
10.520000
10.520000
10.520000
10.520000
10.520000
10.520000
10.520000
10.520000
10.520000
10.650000
10.650000
10.650000
10.650000
10.650000
10.650000
10.650000
10.650000
10.650000
10.650000
10.650000
10.650000
10.650000
10.650000
10.650000
10.650000
10.650000
10.650000
10.650000
10.650000
10.650000
10.650000
10.650000
10.650000
10.650000
10.650000
10.650000
10.650000
10.650000
10.650000
10.650000
10.650000
10.010000
10.010000
10.010000
10.010000
10.010000
10.010000
10.010000
10.010000
10.010000
10.010000
10.010000
10.010000
10.010000
10.010000
10.010000
10.010000
10.010000
10.010000
10.010000
10.010000
10.010000
10.010000
10.450000
10.450000
10.450000
10.450000
10.450000
10.450000
10.450000
10.450000
10.450000
10.800200
10.800000
10.800000
10.935000
10.940000
10.940000
10.940000
10.940000
10.940000
10.940000
10.940000
10.940000
10.940000
10.940000
10.940000
10.940000
10.940000
10.940000
10.940000
10.940000
10.800000
10.800000
10.800000
10.800000
10.800000
10.800000
12.000000
12.000000
10.800000
10.800000
11.000000
11.000000
11.000000
11.000000
10.880000
10.880000
10.880000
11.390000
11.288200
10.686300
10.690000
10.690000
10.690000
10.690000
10.690000
10.690000
10.690000
10.690000
10.690000
10.690000
10.690000
10.690000
10.690000
10.690000
