15.600000
15.830000
15.660000
15.780000
15.650000
16.120000
16.100000
16.150000
16.050000
16.040000
16.000000
16.060000
16.010000
16.010000
16.050000
16.070000
16.020000
15.850000
15.930000
15.910000
15.900000
15.880000
16.000000
16.050000
15.840000
15.920000
16.060000
15.620000
15.530000
15.350000
15.850000
15.910000
15.930000
15.950000
16.040000
16.300000
16.800000
16.900000
16.610000
16.720000
16.400000
16.150000
16.020000
15.820000
15.600000
15.800000
15.600000
15.450000
15.220000
15.320000
15.350000
15.460000
15.420000
15.680000
15.820000
15.860000
16.000000
16.060000
15.990000
16.020000
16.070000
16.110000
15.920000
15.650000
15.480000
15.660000
15.750000
15.770000
16.050000
16.030000
16.170000
16.100000
16.240000
16.630000
16.550000
16.860000
16.760000
16.540000
16.420000
16.450000
16.490000
16.420000
16.480000
16.450000
16.400000
16.460000
16.450000
16.190000
15.950000
16.500000
16.500000
16.390000
16.140000
16.090000
16.120000
16.090000
15.990000
16.200000
16.210000
16.200000
16.100000
16.190000
16.070000
16.150000
16.190000
16.200000
16.140000
16.250000
16.380000
16.540000
16.570000
16.710000
16.890000
16.830000
16.970000
17.030000
16.980000
17.090000
16.950000
16.900000
16.850000
16.660000
16.230000
16.410000
16.250000
16.520000
16.680000
16.560000
16.550000
16.610000
16.620000
16.780000
16.710000
17.010000
16.760000
16.770000
16.690000
16.720000
16.870000
16.630000
16.570000
16.440000
16.510000
16.490000
16.440000
16.380000
16.490000
16.610000
16.950000
17.000000
17.320000
17.420000
16.900000
17.080000
17.000000
16.830000
16.500000
16.460000
16.410000
16.890000
16.480000
16.790000
16.860000
16.750000
16.710000
16.690000
16.710000
16.750000
16.500000
16.450000
16.380000
16.250000
16.150000
16.300000
16.050000
16.030000
16.010000
16.020000
16.040000
16.000000
16.010000
16.000000
15.960000
15.870000
15.940000
16.010000
16.070000
16.050000
16.330000
16.500000
16.670000
16.750000
16.970000
17.020000
17.030000
17.140000
17.130000
17.230000
17.200000
17.280000
17.400000
17.450000
17.490000
17.540000
17.650000
17.660000
17.530000
17.540000
17.620000
17.790000
17.740000
17.830000
17.990000
17.940000
17.690000
17.730000
17.630000
17.630000
17.740000
17.800000
17.970000
17.980000
17.980000
18.040000
17.880000
17.930000
17.790000
17.850000
17.840000
17.760000
17.750000
18.170000
18.090000
18.070000
18.160000
18.170000
18.210000
18.040000
18.010000
18.040000
18.060000
18.490000
18.490000
18.460000
18.420000
18.400000
18.510000
18.430000
18.470000
18.360000
18.460000
18.220000
17.970000
18.090000
17.850000
17.660000
17.560000
17.640000
17.820000
17.650000
17.990000
17.650000
17.630000
17.740000
17.720000
17.830000
17.910000
18.090000
18.050000
18.080000
18.060000
17.980000
17.880000
17.880000
18.140000
17.930000
18.160000
18.130000
18.000000
17.980000
17.830000
17.640000
17.330000
17.330000
17.480000
17.300000
17.340000
17.150000
16.980000
16.930000
16.940000
17.060000
17.080000
16.890000
17.020000
16.900000
17.030000
17.100000
16.730000
16.950000
16.920000
16.710000
16.700000
16.610000
16.750000
16.760000
16.630000
16.850000
17.010000
16.960000
17.110000
16.970000
17.000000
17.240000
17.130000
17.240000
17.530000
17.180000
17.100000
17.220000
17.360000
17.100000
17.280000
17.260000
17.210000
17.330000
17.270000
17.260000
17.400000
17.260000
17.340000
17.360000
17.150000
16.920000
17.280000
17.200000
17.330000
17.360000
17.150000
17.140000
17.150000
17.030000
16.880000
17.010000
17.110000
16.890000
16.890000
16.760000
17.070000
17.200000
17.310000
17.410000
17.410000
17.340000
17.340000
17.340000
17.340000
17.030000
17.360000
17.240000
17.360000
17.410000
17.380000
17.440000
17.480000
17.150000
17.210000
17.390000
17.190000
17.070000
17.080000
17.190000
17.160000
16.980000
16.820000
16.790000
16.810000
16.690000
16.290000
16.430000
16.710000
16.940000
16.590000
16.500000
16.550000
16.550000
16.680000
16.580000
16.710000
16.710000
16.540000
16.580000
16.620000
16.690000
16.540000
16.480000
16.690000
16.690000
16.550000
16.470000
16.250000
16.130000
16.400000
16.200000
16.240000
16.300000
16.370000
16.440000
16.450000
16.640000
16.480000
16.550000
16.750000
16.650000
16.490000
16.290000
16.290000
16.430000
16.550000
16.540000
16.690000
17.110000
17.090000
17.330000
17.180000
17.230000
17.100000
17.150000
17.120000
17.150000
17.070000
17.030000
17.100000
17.100000
17.100000
17.200000
17.180000
17.220000
17.060000
16.890000
16.830000
16.840000
16.570000
16.500000
16.600000
16.790000
16.730000
16.590000
16.320000
16.450000
16.490000
16.670000
16.750000
16.830000
16.840000
16.820000
16.750000
16.730000
16.650000
16.690000
16.780000
16.840000
16.850000
16.710000
16.480000
16.760000
16.950000
17.100000
17.100000
16.910000
16.530000
16.560000
16.680000
16.790000
16.780000
16.630000
16.580000
16.310000
16.210000
16.250000
15.930000
16.040000
16.390000
16.430000
16.470000
16.530000
16.380000
16.270000
16.350000
16.460000
16.280000
16.260000
16.380000
16.190000
16.150000
16.120000
16.180000
16.060000
16.080000
15.950000
16.160000
16.470000
16.550000
16.550000
16.810000
16.690000
16.630000
16.500000
15.880000
15.720000
15.710000
15.660000
15.720000
15.680000
15.680000
15.660000
15.520000
15.580000
15.650000
15.300000
15.400000
15.440000
15.900000
16.120000
15.980000
15.640000
15.750000
15.710000
15.590000
15.780000
15.650000
15.560000
15.670000
15.670000
15.810000
16.020000
16.150000
16.260000
16.510000
16.430000
16.480000
16.120000
16.070000
15.810000
15.890000
16.080000
16.230000
16.480000
16.440000
16.390000
16.680000
16.750000
16.720000
16.750000
16.510000
16.630000
16.750000
16.800000
16.890000
17.000000
16.790000
16.980000
16.840000
16.800000
16.780000
16.590000
16.640000
16.500000
16.840000
16.770000
16.930000
16.440000
16.320000
16.310000
16.640000
16.710000
16.400000
16.240000
16.470000
16.270000
16.220000
16.340000
16.530000
16.630000
16.840000
16.610000
16.650000
16.780000
16.790000
16.750000
15.980000
16.100000
15.850000
16.140000
16.100000
16.260000
15.910000
16.050000
16.160000
16.410000
16.260000
16.060000
16.320000
16.370000
16.400000
16.320000
16.420000
16.640000
16.640000
16.660000
16.360000
16.380000
16.260000
15.920000
15.690000
15.660000
15.460000
15.170000
15.000000
14.840000
14.860000
14.790000
14.640000
14.970000
14.650000
15.020000
14.890000
14.800000
14.990000
15.020000
14.730000
14.960000
14.890000
14.570000
14.040000
13.540000
13.650000
13.210000
13.510000
13.680000
13.780000
13.740000
13.810000
13.780000
13.650000
13.590000
14.000000
14.210000
14.000000
15.050000
15.090000
15.350000
15.550000
15.450000
15.560000
15.470000
15.330000
15.730000
15.790000
15.600000
15.780000
15.730000
15.710000
15.680000
15.630000
15.260000
15.380000
15.600000
15.740000
15.710000
15.900000
15.860000
15.660000
15.670000
15.810000
15.730000
15.670000
15.640000
15.670000
15.630000
15.620000
15.760000
15.920000
16.000000
15.980000
15.620000
15.730000
15.750000
15.840000
15.810000
15.950000
15.820000
16.050000
15.980000
16.160000
16.230000
17.110000
17.490000
17.510000
17.410000
17.730000
17.740000
17.990000
17.730000
17.450000
17.490000
17.770000
17.640000
17.970000
18.290000
18.530000
18.580000
18.340000
18.440000
18.400000
18.260000
17.850000
17.850000
18.010000
18.080000
18.050000
17.890000
17.540000
17.920000
18.020000
18.360000
18.640000
18.800000
18.810000
18.990000
19.120000
19.160000
19.980000
20.260000
20.480000
20.650000
20.830000
20.770000
20.430000
20.930000
21.090000
20.990000
20.920000
20.820000
20.850000
20.990000
21.130000
21.250000
21.050000
21.270000
21.370000
21.280000
21.150000
21.430000
21.700000
21.730000
21.570000
21.500000
21.580000
22.450000
22.840000
22.620000
22.620000
22.300000
22.270000
22.420000
22.390000
22.470000
22.500000
22.200000
21.960000
22.030000
21.870000
22.030000
22.070000
22.090000
21.820000
21.870000
21.920000
22.320000
22.680000
22.770000
22.000000
21.500000
21.930000
21.170000
20.970000
21.100000
21.070000
21.460000
21.540000
21.540000
21.720000
21.800000
21.660000
21.620000
21.500000
21.600000
21.640000
21.290000
20.560000
20.180000
20.350000
20.460000
20.410000
20.300000
20.460000
20.660000
20.330000
20.530000
20.790000
21.100000
21.210000
21.310000
21.340000
21.370000
20.970000
20.600000
20.620000
21.110000
20.390000
20.200000
20.360000
21.250000
21.530000
21.240000
20.750000
20.510000
20.500000
20.530000
20.520000
20.830000
20.600000
21.140000
20.960000
20.990000
21.180000
21.250000
21.270000
21.110000
21.070000
20.470000
20.800000
21.200000
21.110000
21.080000
21.040000
21.250000
20.740000
20.480000
19.810000
19.740000
19.940000
20.290000
20.510000
20.240000
20.370000
20.560000
20.630000
20.590000
20.830000
20.980000
20.780000
20.950000
21.220000
21.110000
20.460000
20.340000
20.430000
20.750000
20.860000
20.820000
20.940000
20.940000
21.130000
21.210000
21.110000
21.370000
21.440000
21.460000
21.920000
22.280000
22.250000
22.490000
22.600000
22.760000
22.590000
22.690000
22.840000
22.900000
22.870000
22.910000
22.940000
22.920000
22.980000
23.230000
23.190000
23.380000
23.650000
23.670000
23.770000
23.410000
23.500000
23.440000
23.230000
22.990000
22.680000
22.180000
22.290000
22.340000
22.300000
22.470000
22.810000
23.190000
23.070000
22.910000
23.230000
23.500000
23.380000
23.160000
22.960000
22.930000
22.980000
22.960000
22.940000
23.380000
23.400000
23.620000
23.750000
23.400000
23.500000
23.310000
23.230000
23.580000
23.760000
23.600000
23.620000
23.620000
23.380000
23.480000
23.060000
23.330000
23.050000
23.220000
22.900000
22.930000
22.690000
22.270000
22.320000
22.220000
22.070000
22.490000
22.300000
22.570000
22.240000
22.170000
22.160000
22.190000
22.310000
22.570000
22.720000
22.350000
22.360000
22.390000
22.470000
22.690000
23.190000
22.800000
22.350000
22.420000
22.230000
22.000000
21.880000
22.210000
22.360000
22.420000
22.570000
22.660000
22.540000
22.540000
22.740000
22.700000
22.450000
22.480000
22.410000
22.290000
22.570000
22.610000
22.470000
22.290000
22.480000
22.420000
22.600000
22.880000
22.800000
22.870000
22.980000
22.900000
22.910000
22.880000
23.000000
23.110000
23.040000
23.170000
22.950000
23.110000
23.010000
23.110000
22.760000
22.680000
22.500000
22.500000
22.200000
22.080000
22.110000
22.060000
22.610000
22.360000
22.900000
23.080000
22.740000
22.630000
22.470000
22.700000
22.610000
22.650000
22.300000
21.980000
22.320000
22.160000
22.250000
22.010000
21.880000
21.880000
21.590000
22.340000
21.980000
21.830000
21.890000
22.140000
22.350000
22.150000
22.000000
21.920000
21.660000
21.990000
22.030000
21.990000
21.760000
21.710000
21.800000
21.700000
21.780000
21.800000
21.500000
21.590000
21.760000
21.710000
21.740000
21.770000
21.550000
21.670000
21.470000
21.380000
21.580000
21.710000
21.490000
21.430000
21.320000
21.480000
21.410000
21.280000
21.460000
21.590000
21.410000
21.740000
21.910000
21.900000
21.900000
22.130000
22.120000
21.850000
21.580000
21.680000
21.450000
21.650000
21.850000
21.800000
22.010000
21.770000
21.590000
21.760000
21.480000
21.560000
21.590000
21.320000
21.310000
21.420000
21.770000
21.840000
21.880000
21.910000
22.010000
22.250000
22.320000
22.020000
21.720000
21.980000
21.780000
21.800000
21.770000
21.890000
21.840000
21.490000
21.480000
21.130000
20.930000
20.900000
20.740000
20.770000
20.540000
20.460000
20.320000
20.420000
20.270000
20.410000
20.570000
20.730000
20.600000
20.530000
20.360000
20.160000
20.100000
20.790000
20.430000
20.250000
19.590000
19.560000
19.410000
18.730000
18.860000
19.020000
19.210000
19.180000
19.470000
19.690000
19.400000
19.080000
19.400000
19.270000
19.570000
19.290000
19.190000
19.280000
19.430000
19.580000
19.690000
19.920000
19.680000
19.780000
19.730000
19.750000
19.570000
19.620000
19.860000
19.720000
19.760000
19.580000
19.380000
19.050000
19.240000
19.440000
19.780000
20.080000
19.660000
19.750000
19.860000
19.830000
19.710000
19.690000
19.890000
19.860000
19.710000
19.740000
19.890000
20.050000
20.030000
19.810000
19.730000
19.670000
19.810000
19.830000
19.980000
20.080000
20.200000
20.250000
20.230000
20.230000
20.490000
20.520000
20.580000
20.730000
20.890000
20.950000
20.540000
20.050000
19.900000
19.790000
19.700000
19.770000
19.590000
19.690000
19.700000
19.620000
19.670000
19.990000
19.920000
20.170000
20.640000
20.800000
20.900000
20.770000
20.950000
20.910000
21.140000
20.960000
21.040000
21.030000
21.200000
21.530000
21.840000
21.830000
21.850000
22.010000
22.000000
22.010000
22.250000
22.180000
22.120000
22.320000
22.400000
22.540000
22.560000
22.380000
22.560000
22.700000
22.710000
22.650000
22.440000
22.610000
22.880000
22.670000
22.550000
22.380000
22.110000
22.250000
21.930000
21.950000
22.140000
22.340000
22.380000
22.590000
22.500000
22.530000
22.470000
22.640000
22.400000
22.300000
22.320000
22.650000
22.810000
23.000000
22.780000
22.770000
22.770000
22.850000
23.010000
22.910000
23.240000
23.240000
23.230000
23.200000
22.920000
23.050000
23.090000
22.870000
22.860000
22.550000
22.370000
22.630000
22.490000
22.870000
22.700000
22.410000
22.670000
22.750000
22.330000
22.300000
21.820000
21.560000
21.890000
21.540000
21.290000
20.960000
20.930000
20.900000
21.080000
21.060000
20.860000
20.270000
20.210000
20.370000
20.730000
20.740000
20.760000
20.760000
20.470000
20.790000
20.810000
21.200000
20.820000
21.050000
21.200000
21.070000
20.970000
19.950000
19.670000
19.890000
20.190000
20.470000
20.520000
20.440000
20.500000
20.290000
19.870000
19.820000
19.740000
19.770000
19.840000
19.840000
20.070000
20.200000
20.400000
20.470000
20.830000
20.900000
20.700000
21.060000
20.940000
20.860000
20.780000
20.470000
20.580000
20.620000
20.100000
20.170000
20.060000
19.920000
19.520000
19.080000
19.760000
19.950000
19.800000
19.850000
19.470000
19.700000
19.660000
19.710000
20.090000
20.070000
20.480000
20.780000
20.640000
20.890000
21.210000
21.370000
21.440000
21.270000
21.140000
21.100000
21.490000
21.770000
21.960000
21.900000
22.110000
22.150000
22.530000
22.850000
22.560000
22.750000
22.740000
22.730000
22.570000
22.740000
22.630000
22.970000
23.000000
22.690000
22.800000
21.900000
21.790000
21.920000
21.740000
21.840000
21.770000
21.960000
22.020000
21.990000
22.000000
22.090000
22.330000
22.480000
22.680000
22.720000
22.760000
22.620000
22.480000
22.230000
22.760000
22.590000
22.570000
22.780000
22.540000
22.830000
22.720000
22.820000
23.020000
23.000000
22.970000
23.060000
22.940000
22.800000
23.180000
23.300000
23.600000
23.610000
23.200000
23.100000
23.310000
22.920000
23.160000
23.550000
23.670000
24.010000
23.630000
23.980000
23.880000
24.010000
24.280000
24.160000
23.660000
23.530000
23.640000
23.790000
23.830000
23.720000
23.870000
23.990000
24.040000
23.830000
24.090000
24.190000
24.190000
24.400000
24.070000
24.030000
24.120000
24.410000
24.400000
24.440000
24.890000
24.880000
24.790000
24.800000
24.720000
24.700000
24.800000
24.720000
24.980000
24.980000
25.210000
25.370000
24.990000
24.760000
24.350000
23.970000
24.140000
24.310000
24.420000
24.820000
25.030000
25.120000
25.230000
25.480000
25.880000
25.310000
25.470000
25.710000
25.530000
25.400000
25.410000
24.880000
24.860000
25.160000
25.050000
24.910000
24.970000
25.200000
24.830000
24.210000
24.250000
24.210000
23.990000
24.210000
24.360000
24.840000
24.770000
24.580000
24.530000
24.240000
24.650000
24.910000
25.230000
25.110000
25.240000
25.650000
25.250000
25.470000
25.370000
25.490000
25.570000
25.580000
25.690000
25.580000
25.360000
25.250000
24.850000
24.440000
24.590000
24.600000
24.370000
24.780000
25.130000
24.950000
25.270000
25.330000
25.380000
25.600000
25.680000
25.850000
25.790000
25.890000
25.890000
26.040000
25.930000
26.040000
25.940000
26.060000
26.170000
26.250000
26.100000
26.080000
25.880000
25.750000
25.650000
25.830000
26.060000
25.740000
25.900000
26.350000
26.250000
26.350000
26.360000
26.350000
26.470000
26.330000
26.180000
25.710000
25.860000
25.470000
25.710000
25.830000
25.690000
26.070000
26.290000
26.510000
26.460000
26.390000
26.540000
26.090000
26.260000
26.500000
27.060000
26.990000
26.710000
26.360000
26.610000
26.510000
26.360000
26.350000
26.410000
26.140000
25.780000
25.400000
25.620000
25.830000
25.340000
25.500000
25.640000
25.900000
25.710000
25.840000
25.910000
26.020000
26.090000
26.210000
25.900000
26.300000
26.420000
25.980000
25.920000
25.870000
26.240000
26.610000
26.480000
26.640000
27.070000
26.950000
27.080000
27.190000
27.350000
27.370000
27.280000
27.610000
27.480000
27.700000
27.330000
27.650000
27.690000
27.710000
27.730000
27.890000
28.300000
28.390000
28.720000
29.200000
29.520000
29.280000
28.920000
29.110000
28.770000
28.420000
27.630000
27.140000
25.680000
25.890000
27.380000
27.860000
28.700000
28.670000
28.940000
27.750000
29.180000
27.060000
25.910000
27.940000
23.810000
24.280000
22.700000
20.780000
19.530000
18.150000
20.320000
20.740000
21.930000
23.130000
23.100000
23.200000
21.830000
21.210000
20.640000
22.250000
22.600000
23.890000
24.690000
24.070000
25.240000
24.620000
23.760000
24.850000
23.280000
22.040000
23.400000
22.970000
23.020000
23.650000
23.580000
24.200000
24.140000
23.250000
23.610000
24.650000
23.970000
25.280000
24.830000
24.680000
23.810000
23.150000
23.060000
23.090000
23.910000
24.040000
23.640000
24.080000
24.180000
24.940000
24.710000
25.010000
25.240000
26.330000
26.480000
27.380000
26.710000
27.190000
27.960000
27.970000
27.370000
26.490000
27.150000
27.460000
27.930000
27.390000
27.180000
26.920000
27.170000
27.330000
26.870000
27.350000
26.960000
26.650000
26.900000
27.940000
27.540000
27.350000
26.590000
26.850000
26.740000
26.560000
26.430000
27.060000
27.260000
27.270000
27.740000
27.530000
