16.000000
16.250000
16.070000
16.130000
16.100000
16.000000
16.520000
16.160000
16.400000
16.750000
16.070000
15.830000
16.040000
16.050000
16.000000
16.850000
16.390000
15.980000
16.000000
16.000000
16.680000
16.930000
16.380000
16.550000
16.790000
17.010000
16.950000
16.590000
16.590000
16.700000
16.540000
16.220000
16.200000
15.820000
15.730000
15.300000
15.520000
16.150000
16.410000
16.630000
17.360000
17.670000
17.500000
17.520000
17.470000
17.650000
17.790000
17.550000
17.430000
17.350000
18.060000
17.810000
17.390000
17.500000
17.410000
17.480000
17.870000
17.880000
17.940000
18.090000
18.150000
18.040000
18.010000
17.700000
17.860000
17.620000
17.870000
18.010000
17.990000
18.480000
18.480000
18.580000
18.600000
18.630000
17.930000
18.080000
18.380000
18.300000
18.740000
19.120000
19.040000
18.960000
19.070000
19.250000
19.330000
18.990000
19.030000
19.180000
19.270000
19.360000
19.400000
19.240000
19.550000
19.250000
19.440000
19.120000
19.010000
18.930000
19.040000
18.800000
18.480000
18.340000
18.430000
18.760000
19.120000
19.140000
19.900000
20.890000
21.260000
20.580000
20.660000
20.780000
21.010000
21.180000
20.910000
20.750000
21.170000
22.490000
21.400000
21.340000
21.450000
21.170000
20.660000
20.480000
19.820000
19.710000
21.300000
22.040000
21.260000
21.460000
20.880000
21.320000
22.120000
23.030000
23.470000
23.660000
23.370000
23.710000
23.910000
23.840000
23.930000
23.910000
23.990000
23.800000
23.740000
23.490000
22.970000
24.260000
24.930000
24.580000
25.230000
25.040000
25.810000
25.520000
25.530000
25.640000
26.120000
26.580000
26.600000
26.790000
26.530000
26.720000
27.260000
27.050000
27.110000
26.480000
26.310000
26.410000
26.100000
26.360000
25.740000
26.330000
26.480000
25.510000
25.600000
25.920000
26.130000
26.000000
25.770000
26.320000
26.220000
26.990000
25.930000
26.140000
25.520000
25.350000
25.430000
25.220000
25.590000
25.520000
25.720000
25.820000
25.850000
26.140000
26.110000
25.600000
26.070000
25.810000
25.540000
25.570000
25.580000
25.580000
25.990000
26.280000
25.660000
25.690000
25.490000
25.670000
25.890000
25.790000
26.040000
25.170000
25.080000
25.400000
25.250000
25.390000
25.840000
25.680000
25.870000
26.140000
26.470000
26.240000
26.260000
26.080000
25.970000
26.150000
26.060000
25.830000
26.440000
23.010000
23.010000
23.060000
22.110000
23.020000
22.400000
21.160000
21.650000
21.600000
21.620000
21.540000
21.460000
21.500000
21.500000
21.230000
20.860000
21.750000
21.960000
21.630000
21.630000
21.550000
22.190000
21.800000
21.830000
22.260000
22.120000
21.790000
21.910000
22.360000
22.330000
22.380000
22.170000
22.490000
22.500000
22.440000
22.630000
22.430000
22.550000
22.670000
22.940000
22.640000
22.790000
22.950000
23.020000
23.210000
22.870000
22.790000
22.430000
22.050000
21.750000
21.270000
21.100000
21.120000
21.240000
21.320000
21.280000
20.930000
20.820000
20.450000
20.570000
20.600000
20.760000
20.670000
16.280000
17.760000
16.890000
17.720000
16.930000
16.740000
16.690000
16.150000
16.310000
16.110000
15.870000
15.870000
16.200000
16.040000
16.660000
16.440000
16.550000
16.660000
17.110000
17.220000
17.430000
17.570000
17.660000
17.950000
18.320000
18.440000
18.330000
18.470000
18.500000
18.750000
18.400000
18.420000
18.560000
18.500000
18.730000
19.550000
19.580000
19.510000
19.640000
19.800000
19.760000
19.770000
19.600000
19.790000
19.630000
19.150000
19.230000
19.290000
19.460000
19.270000
19.550000
19.820000
20.000000
19.770000
19.990000
19.500000
19.530000
19.620000
19.260000
19.310000
19.200000
19.020000
19.040000
18.900000
18.990000
19.390000
19.210000
19.350000
19.130000
19.160000
18.980000
19.390000
19.560000
19.740000
19.840000
20.000000
19.930000
19.610000
20.010000
22.030000
21.280000
21.230000
21.160000
21.050000
21.210000
21.430000
21.070000
21.040000
20.950000
21.050000
20.530000
20.870000
21.370000
21.340000
21.280000
21.140000
21.070000
21.100000
21.200000
21.360000
21.450000
21.730000
21.590000
21.680000
21.750000
21.850000
21.660000
21.560000
21.730000
21.690000
21.610000
22.160000
21.720000
21.780000
23.170000
23.440000
24.080000
24.130000
24.230000
24.090000
23.880000
23.380000
23.450000
22.610000
21.670000
21.330000
21.450000
20.850000
21.400000
21.730000
21.890000
21.850000
20.550000
20.840000
20.960000
20.820000
21.270000
21.340000
21.570000
21.880000
21.740000
21.190000
20.440000
20.980000
21.060000
20.830000
20.280000
20.930000
20.800000
20.740000
20.570000
20.560000
20.720000
20.680000
20.690000
20.580000
19.840000
19.410000
19.580000
19.580000
19.670000
19.850000
19.180000
19.380000
19.190000
19.390000
18.850000
18.700000
18.680000
18.290000
18.460000
18.580000
18.870000
19.050000
19.130000
19.100000
19.080000
18.820000
18.520000
18.540000
18.070000
17.960000
17.770000
18.070000
18.390000
18.190000
17.950000
18.180000
18.650000
18.990000
20.290000
21.000000
20.910000
20.590000
20.600000
20.850000
20.880000
21.080000
20.540000
20.830000
20.850000
21.660000
21.800000
22.100000
21.600000
21.760000
21.460000
21.640000
22.030000
22.450000
22.410000
22.370000
22.570000
22.110000
22.310000
22.280000
22.240000
22.150000
22.000000
21.750000
21.840000
21.180000
21.310000
21.140000
21.100000
20.770000
20.970000
20.960000
21.170000
21.120000
21.420000
22.120000
22.260000
22.340000
22.430000
22.180000
22.310000
22.520000
22.830000
22.690000
23.000000
23.270000
23.350000
23.680000
23.560000
23.100000
23.660000
22.830000
22.420000
21.990000
22.490000
25.840000
26.420000
25.430000
24.980000
25.270000
25.930000
25.720000
26.270000
27.210000
27.630000
28.200000
28.200000
27.600000
28.180000
27.880000
27.790000
27.670000
27.410000
27.380000
27.460000
27.720000
27.070000
25.780000
26.390000
26.530000
26.260000
26.500000
26.510000
26.060000
25.950000
26.200000
26.490000
26.520000
25.770000
25.720000
26.050000
26.280000
26.530000
25.910000
26.080000
25.840000
25.670000
24.760000
25.310000
25.340000
25.070000
24.100000
23.740000
23.970000
24.340000
23.610000
23.300000
22.710000
22.630000
22.020000
20.210000
20.270000
19.390000
19.040000
19.550000
19.260000
20.250000
20.250000
20.290000
20.800000
21.170000
20.430000
19.830000
19.360000
19.680000
19.550000
19.430000
19.550000
19.120000
17.500000
18.410000
18.140000
18.170000
17.900000
21.060000
20.640000
20.420000
20.470000
19.690000
19.560000
19.040000
19.070000
19.660000
20.600000
20.640000
20.360000
19.740000
20.640000
19.540000
19.310000
19.200000
18.650000
19.420000
19.630000
19.680000
19.840000
20.550000
20.260000
21.010000
21.520000
21.820000
21.900000
22.170000
22.310000
21.910000
21.880000
21.840000
21.990000
22.190000
21.900000
21.500000
21.680000
22.100000
21.710000
22.170000
22.350000
23.190000
23.010000
23.390000
23.490000
23.960000
23.750000
22.560000
22.830000
23.320000
23.260000
23.120000
24.180000
23.920000
24.200000
23.960000
24.040000
24.020000
23.490000
23.290000
23.100000
23.000000
22.880000
22.220000
22.180000
21.810000
21.620000
21.640000
21.650000
21.990000
21.700000
22.120000
22.520000
22.320000
21.720000
21.930000
20.730000
21.100000
21.190000
21.040000
21.390000
21.530000
22.290000
22.060000
22.420000
22.820000
23.170000
23.040000
22.510000
22.780000
22.940000
23.130000
23.220000
23.780000
24.000000
24.110000
23.970000
25.250000
24.790000
24.230000
24.450000
24.530000
24.760000
24.500000
24.430000
25.230000
25.090000
25.550000
25.530000
25.710000
25.610000
24.740000
24.770000
24.670000
24.840000
24.680000
24.710000
24.880000
24.790000
24.090000
23.830000
23.530000
23.280000
23.480000
23.390000
23.860000
24.710000
24.730000
24.360000
24.610000
25.390000
24.570000
24.580000
25.180000
25.260000
25.000000
25.590000
25.750000
25.960000
25.620000
25.460000
25.470000
25.390000
25.710000
25.870000
25.960000
25.700000
25.930000
25.830000
25.660000
25.150000
24.600000
24.790000
25.510000
25.470000
25.880000
25.620000
25.520000
25.770000
25.700000
26.200000
26.600000
26.850000
27.100000
27.100000
27.350000
27.290000
26.590000
26.500000
26.230000
26.180000
28.220000
30.020000
29.330000
29.180000
29.770000
28.420000
28.170000
28.540000
28.850000
28.610000
28.940000
28.860000
27.960000
27.990000
27.570000
27.650000
29.030000
29.010000
28.310000
28.960000
29.160000
29.170000
29.510000
29.720000
31.560000
31.510000
31.770000
31.880000
31.600000
30.900000
30.500000
30.600000
30.630000
30.080000
30.740000
30.050000
30.050000
30.350000
29.840000
29.540000
29.880000
30.350000
30.080000
29.470000
29.750000
30.520000
31.250000
31.200000
31.560000
32.310000
32.940000
32.930000
33.560000
33.330000
33.940000
33.790000
34.100000
34.680000
35.020000
35.030000
34.700000
36.140000
37.260000
37.440000
37.510000
37.470000
37.530000
37.740000
37.160000
36.350000
36.590000
37.280000
37.260000
37.410000
37.610000
37.240000
40.720000
41.650000
41.470000
41.880000
41.720000
41.570000
40.920000
41.390000
41.390000
42.320000
41.990000
42.160000
41.760000
41.680000
40.740000
40.390000
40.540000
40.680000
40.690000
40.630000
40.620000
40.700000
40.470000
40.710000
40.720000
40.460000
40.310000
40.060000
39.860000
40.430000
40.680000
40.910000
40.960000
41.780000
41.370000
41.330000
41.880000
41.580000
42.110000
42.430000
40.800000
40.930000
40.260000
40.610000
40.890000
41.020000
39.700000
39.840000
41.370000
41.940000
41.410000
41.060000
41.910000
42.120000
42.690000
43.220000
42.160000
41.970000
42.590000
42.070000
41.540000
40.640000
38.830000
38.840000
36.690000
36.910000
38.800000
37.190000
38.080000
37.110000
37.570000
34.110000
36.130000
34.970000
28.850000
29.160000
23.180000
20.200000
11.960000
15.250000
18.880000
18.550000
18.570000
20.460000
22.300000
20.850000
21.010000
21.070000
18.900000
18.370000
17.820000
21.160000
22.470000
23.940000
25.100000
24.090000
23.840000
21.970000
20.680000
22.230000
21.310000
20.550000
20.540000
21.690000
21.770000
22.640000
23.690000
25.000000
24.340000
23.410000
22.860000
23.860000
21.800000
24.190000
23.820000
23.580000
23.280000
21.530000
22.030000
21.920000
25.180000
25.060000
25.320000
25.100000
24.910000
26.570000
28.500000
27.570000
26.840000
27.040000
27.580000
29.010000
28.950000
31.180000
33.030000
30.170000
28.860000
26.030000
26.600000
26.970000
28.710000
27.150000
27.110000
26.750000
26.610000
26.930000
26.030000
25.850000
24.480000
26.780000
27.350000
25.760000
26.130000
26.860000
25.800000
25.890000
24.950000
25.670000
25.360000
26.330000
27.860000
27.480000
27.550000
26.790000
