399.000000
399.710000
395.750000
393.810000
380.500000
382.730000
383.800000
387.900000
390.360000
394.680000
396.500000
399.840000
393.560000
399.990000
397.160000
400.490000
422.720000
412.650000
409.610000
416.040000
412.730000
415.220000
416.600000
414.620000
417.000000
415.530000
415.420000
430.300000
427.540000
425.610000
424.950000
424.250000
440.000000
439.030000
432.880000
424.900000
419.750000
409.990000
413.230000
413.920000
416.010000
418.180000
415.340000
410.730000
405.930000
408.910000
415.630000
425.000000
427.430000
412.860000
417.570000
420.080000
420.080000
422.010000
424.360000
423.920000
426.860000
433.510000
434.700000
424.510000
426.850000
427.980000
427.710000
419.420000
428.360000
431.000000
429.000000
416.590000
427.860000
421.960000
429.160000
438.280000
433.260000
435.010000
440.000000
443.480000
442.400000
434.970000
425.090000
421.420000
424.280000
432.430000
427.760000
436.330000
434.100000
433.440000
444.610000
439.560000
439.350000
437.010000
457.950000
474.500000
490.480000
478.570000
474.510000
468.990000
471.460000
469.830000
465.350000
454.540000
440.640000
450.970000
449.780000
441.180000
446.470000
446.260000
451.100000
456.880000
432.970000
441.560000
443.480000
436.050000
431.950000
437.220000
440.420000
438.210000
430.320000
435.390000
448.990000
436.560000
436.930000
431.000000
429.590000
435.030000
449.620000
440.250000
438.180000
433.660000
431.670000
429.740000
434.000000
424.180000
423.400000
427.400000
425.000000
419.620000
420.500000
421.360000
420.830000
410.040000
408.890000
421.950000
425.000000
420.570000
418.930000
420.670000
429.990000
428.760000
420.070000
424.590000
428.040000
413.260000
415.910000
412.270000
408.290000
396.520000
404.310000
404.600000
405.950000
411.120000
417.230000
413.350000
408.500000
415.840000
423.330000
422.540000
428.570000
428.000000
419.410000
449.900000
442.180000
435.000000
445.770000
442.230000
442.130000
436.910000
436.930000
438.720000
438.930000
438.560000
435.030000
437.650000
435.000000
435.390000
437.160000
435.180000
436.030000
439.510000
437.130000
441.510000
434.840000
436.550000
438.410000
438.510000
441.030000
447.450000
444.770000
450.830000
450.800000
453.580000
452.010000
453.750000
452.500000
448.780000
458.020000
458.880000
460.800000
462.440000
460.640000
458.960000
464.940000
461.450000
461.590000
478.820000
485.490000
488.670000
495.750000
487.970000
498.410000
498.510000
486.830000
486.000000
485.830000
485.160000
491.280000
486.320000
484.070000
484.110000
481.000000
487.010000
489.990000
500.340000
511.840000
508.130000
509.230000
508.980000
504.370000
500.680000
496.340000
490.470000
495.410000
494.820000
500.870000
492.560000
502.480000
497.620000
502.540000
509.010000
490.560000
481.540000
489.270000
498.540000
511.410000
511.940000
511.660000
520.070000
542.600000
523.230000
527.900000
533.430000
532.060000
533.820000
520.660000
521.870000
525.150000
522.900000
521.280000
534.130000
528.960000
526.160000
528.750000
526.060000
523.880000
519.990000
512.150000
524.440000
521.790000
514.460000
520.860000
521.570000
523.180000
533.400000
533.230000
534.730000
537.800000
542.340000
547.600000
546.720000
545.170000
542.000000
538.360000
535.490000
533.670000
533.350000
535.930000
541.120000
547.840000
558.710000
558.950000
559.520000
549.000000
542.000000
544.820000
541.520000
541.850000
552.180000
554.600000
563.390000
570.070000
578.340000
577.030000
578.730000
579.240000
578.870000
581.460000
582.140000
584.000000
578.750000
576.740000
577.760000
593.230000
596.620000
598.980000
584.800000
582.170000
580.790000
569.770000
576.460000
579.650000
583.030000
579.150000
587.000000
588.050000
588.850000
577.880000
573.990000
577.460000
576.740000
578.560000
575.740000
576.040000
575.060000
579.310000
586.860000
580.940000
577.350000
575.130000
575.000000
572.380000
588.220000
590.290000
584.740000
587.270000
588.290000
587.530000
586.320000
588.200000
598.890000
591.060000
612.040000
611.300000
610.190000
612.840000
619.300000
613.650000
611.180000
605.860000
615.270000
619.560000
616.610000
623.530000
616.700000
618.990000
623.870000
617.750000
617.400000
613.530000
611.280000
623.110000
621.730000
619.660000
606.400000
586.440000
570.000000
576.890000
578.280000
586.400000
574.030000
579.010000
578.470000
597.090000
604.010000
610.680000
613.430000
616.690000
616.210000
638.000000
639.670000
633.840000
632.380000
635.150000
638.300000
645.000000
642.570000
639.960000
634.150000
632.910000
638.910000
635.850000
636.300000
640.750000
639.800000
635.690000
639.360000
642.330000
638.790000
637.370000
645.050000
625.420000
634.530000
623.500000
620.240000
627.990000
632.160000
634.320000
632.280000
638.320000
635.450000
635.460000
643.950000
642.480000
645.100000
645.450000
638.830000
638.790000
640.510000
637.440000
635.690000
626.900000
625.100000
626.460000
624.470000
633.050000
636.560000
632.940000
637.490000
636.890000
630.470000
631.410000
640.000000
636.550000
639.820000
635.870000
653.780000
663.100000
664.500000
676.010000
675.860000
678.130000
681.340000
681.860000
682.240000
678.580000
672.550000
664.550000
676.000000
668.380000
661.910000
666.320000
672.000000
668.380000
661.840000
673.750000
669.830000
681.930000
688.250000
688.330000
693.500000
695.830000
702.000000
713.760000
715.490000
718.600000
730.440000
731.000000
725.480000
723.780000
731.450000
723.110000
724.270000
715.260000
713.890000
717.930000
715.260000
722.530000
725.660000
724.080000
731.000000
715.980000
712.680000
715.430000
711.590000
709.530000
710.820000
710.900000
719.010000
733.480000
724.690000
724.810000
724.470000
720.510000
733.500000
737.650000
738.510000
735.700000
729.180000
736.060000
738.250000
739.910000
745.780000
749.900000
745.690000
752.180000
758.220000
759.900000
760.870000
757.970000
762.270000
761.360000
760.710000
749.200000
747.180000
728.380000
735.600000
736.330000
739.200000
739.950000
732.150000
740.000000
742.500000
747.960000
746.430000
736.690000
741.020000
746.990000
739.430000
751.140000
758.740000
757.250000
749.170000
754.410000
739.120000
744.090000
749.650000
742.480000
733.400000
731.120000
736.740000
739.110000
729.110000
722.480000
713.030000
721.990000
722.690000
720.280000
712.500000
711.570000
722.120000
720.790000
731.940000
745.110000
741.120000
744.030000
740.280000
749.110000
758.310000
751.220000
758.360000
758.690000
735.310000
731.310000
732.540000
744.490000
743.570000
736.590000
733.420000
699.490000
706.770000
720.160000
709.810000
715.460000
690.590000
693.850000
701.370000
691.780000
683.170000
693.000000
683.980000
670.360000
670.000000
667.230000
670.430000
667.180000
671.850000
674.160000
667.780000
665.140000
663.600000
683.370000
688.740000
686.810000
694.820000
701.450000
687.200000
678.380000
674.010000
676.840000
688.070000
695.170000
693.500000
681.750000
684.400000
682.110000
681.220000
695.180000
711.540000
695.640000
708.880000
709.410000
705.840000
703.350000
708.240000
707.170000
705.060000
710.700000
721.230000
708.980000
706.260000
718.500000
714.150000
718.820000
720.530000
717.000000
727.240000
730.980000
718.080000
720.700000
716.100000
716.160000
706.620000
710.030000
706.030000
706.020000
702.300000
694.320000
697.000000
699.800000
677.520000
667.130000
677.700000
679.210000
690.680000
699.490000
689.390000
683.260000
683.800000
681.930000
698.950000
700.390000
690.200000
680.960000
668.240000
681.920000
697.190000
692.570000
701.270000
706.680000
717.990000
726.710000
714.140000
706.410000
702.620000
705.970000
699.160000
694.680000
693.450000
686.000000
677.200000
694.100000
684.840000
686.270000
687.110000
672.580000
670.880000
678.860000
690.850000
682.690000
678.600000
687.400000
691.990000
693.000000
683.120000
687.880000
696.130000
694.590000
694.820000
688.450000
692.510000
689.150000
696.950000
689.640000
652.870000
635.120000
632.880000
620.140000
624.840000
635.820000
629.880000
619.000000
639.580000
668.240000
682.460000
685.390000
677.480000
689.040000
660.010000
658.830000
661.000000
662.860000
660.800000
660.470000
657.940000
653.320000
657.890000
649.240000
651.490000
653.890000
651.460000
662.500000
678.000000
681.620000
691.750000
690.750000
690.220000
695.860000
702.230000
711.190000
708.580000
717.570000
716.810000
731.950000
723.750000
731.840000
726.250000
738.500000
733.290000
729.110000
728.810000
743.080000
760.920000
769.280000
765.830000
761.190000
761.350000
760.350000
749.290000
749.820000
746.900000
745.770000
745.740000
734.330000
720.320000
712.920000
729.650000
720.000000
721.580000
723.860000
719.780000
712.910000
724.800000
737.300000
746.040000
749.960000
761.340000
774.740000
776.930000
779.540000
775.600000
796.650000
788.040000
791.460000
810.710000
803.850000
802.230000
806.790000
829.980000
834.050000
836.000000
839.600000
837.740000
833.540000
837.960000
843.310000
851.000000
848.020000
854.250000
859.000000
860.720000
865.090000
878.740000
894.460000
888.680000
886.000000
880.060000
861.140000
868.120000
877.310000
877.700000
883.610000
871.070000
877.770000
876.170000
874.700000
865.330000
871.640000
884.530000
855.280000
837.250000
835.660000
854.180000
872.390000
873.820000
875.000000
890.390000
893.190000
889.320000
862.360000
873.610000
850.350000
853.000000
877.900000
895.740000
898.940000
899.390000
902.100000
898.680000
918.650000
872.330000
863.770000
875.090000
872.260000
869.920000
871.980000
893.510000
876.990000
841.370000
851.010000
855.410000
870.050000
882.130000
885.320000
885.930000
899.290000
862.270000
865.820000
878.010000
870.300000
860.950000
870.580000
895.200000
862.690000
855.420000
860.510000
858.280000
839.290000
826.290000
794.530000
774.100000
800.990000
807.920000
816.430000
820.100000
803.240000
811.960000
834.480000
843.930000
856.850000
839.430000
845.710000
854.540000
851.250000
845.120000
847.040000
840.740000
850.580000
847.740000
852.260000
858.150000
864.750000
867.800000
870.810000
856.730000
884.340000
893.090000
895.600000
901.580000
904.840000
911.320000
915.000000
901.770000
906.510000
900.920000
915.010000
932.940000
932.040000
944.060000
960.990000
961.110000
962.410000
959.920000
964.610000
948.990000
948.350000
951.040000
945.990000
927.580000
928.700000
920.190000
925.710000
934.460000
939.760000
943.820000
947.100000
940.020000
942.960000
938.010000
941.830000
960.430000
960.000000
976.320000
980.610000
985.990000
981.380000
997.620000
999.060000
988.720000
993.380000
1003.360000
1011.190000
1011.110000
1019.190000
1025.610000
1016.850000
1020.940000
1023.830000
1025.150000
1025.190000
1024.160000
1020.850000
1019.140000
1021.160000
1033.370000
1043.810000
1060.530000
1045.690000
1053.620000
1081.230000
1080.750000
1080.290000
1091.010000
1099.770000
1090.440000
1076.260000
1105.800000
1111.430000
1127.780000
1139.380000
1126.050000
1140.460000
1138.560000
1139.290000
1127.300000
1139.400000
1121.270000
1128.550000
1117.050000
1127.790000
1150.180000
1166.220000
1177.950000
1182.880000
1167.040000
1164.000000
1162.920000
1143.790000
1140.950000
1160.000000
1152.440000
1162.690000
1166.480000
1154.990000
1140.260000
1129.560000
1110.490000
1143.490000
1170.990000
1180.940000
1196.240000
1203.850000
1218.640000
1214.290000
1217.950000
1218.700000
1217.570000
1231.520000
1231.340000
1224.050000
1222.750000
1216.250000
1210.180000
1202.510000
1192.710000
1209.160000
1219.030000
1218.220000
1216.360000
1232.140000
1216.800000
1205.960000
1191.710000
1168.580000
1214.920000
1201.030000
1255.710000
1260.010000
1253.050000
1261.410000
1247.100000
1242.420000
1252.010000
1257.860000
1261.060000
1270.520000
1275.750000
1249.130000
1264.700000
1277.740000
1272.520000
1288.660000
1297.620000
1299.270000
1307.830000
1308.650000
1308.580000
1292.150000
1268.730000
1267.010000
1252.540000
1254.570000
1238.810000
1254.300000
1248.290000
1230.640000
1242.630000
1253.060000
1253.170000
1254.760000
1249.520000
1249.700000
1254.700000
1274.050000
1259.070000
1264.450000
1274.460000
1262.280000
1257.200000
1280.170000
1284.080000
1285.310000
1280.990000
1282.540000
1290.960000
1303.990000
1296.940000
1288.190000
1291.240000
1292.150000
1292.770000
1309.210000
1313.750000
1316.740000
1331.790000
1325.370000
1344.290000
1328.010000
1330.390000
1342.660000
1356.190000
1425.000000
1476.250000
1491.570000
1499.760000
1506.810000
1475.460000
1517.670000
1543.560000
1547.510000
1533.310000
1535.720000
1536.680000
1534.840000
1532.560000
1535.000000
1527.160000
1520.240000
1512.900000
1541.700000
1530.730000
1532.300000
1526.060000
1529.000000
1514.870000
1514.490000
1516.280000
1480.000000
1469.160000
1479.200000
1522.610000
1501.530000
1501.600000
1517.010000
1497.510000
1493.910000
1488.470000
1517.040000
1533.780000
1550.500000
1554.970000
1550.000000
1581.900000
1615.480000
1689.740000
1668.370000
1669.610000
1655.880000
1630.630000
1619.790000
1650.440000
1703.470000
1737.200000
1706.840000
1719.310000
1701.360000
1716.300000
1704.030000
1738.570000
1723.140000
1713.210000
1711.510000
1700.410000
1762.810000
1754.480000
1782.730000
1800.000000
1774.000000
1798.590000
1807.250000
1770.000000
1757.250000
1754.870000
1665.000000
1600.000000
1568.170000
1573.020000
1625.280000
1611.720000
1665.410000
1638.740000
1598.930000
1475.720000
1586.180000
1491.610000
1299.980000
1377.880000
1185.510000
1229.210000
1161.980000
1246.470000
1270.960000
1268.570000
1378.740000
1388.150000
1493.810000
1467.370000
1653.500000
1644.010000
1540.920000
1605.040000
1536.380000
1646.160000
1688.300000
1684.510000
1704.240000
1653.950000
1728.990000
1700.140000
1731.710000
1774.800000
1783.240000
1635.180000
1716.990000
1745.770000
1814.000000
1858.150000
1855.120000
1960.000000
1912.860000
1861.520000
1873.250000
1919.530000
1925.330000
1911.200000
1844.490000
1910.100000
1892.820000
1869.170000
1843.750000
1835.240000
1930.140000
1866.230000
1815.000000
1838.020000
1776.000000
1788.380000
1840.990000
1851.120000
1886.890000
1883.400000
1873.570000
1834.150000
1763.890000
1741.830000
1810.010000
1799.520000
1802.430000
1714.290000
1725.680000
1737.970000
1806.170000
1813.720000
1825.800000
1800.000000
1798.660000
1779.940000
1753.150000
1747.200000
1714.180000
1757.000000
1774.850000
1778.000000
1773.260000
1785.610000
1779.420000
1787.990000
1773.010000
1770.180000
1721.030000
1749.770000
1776.130000
1783.040000
1796.010000
1782.720000
