11.380000
11.380000
11.130000
10.940000
10.750000
10.620000
10.160000
10.000000
10.130000
11.000000
11.060000
11.000000
11.000000
11.380000
11.250000
11.000000
11.000000
11.000000
11.130000
11.000000
11.060000
11.060000
11.310000
12.250000
12.750000
12.750000
13.120000
12.870000
13.750000
13.000000
12.750000
13.060000
12.940000
12.750000
12.250000
12.500000
12.380000
12.500000
13.000000
13.060000
13.000000
13.810000
13.690000
13.000000
14.190000
13.750000
14.500000
14.630000
14.120000
13.000000
13.000000
13.000000
13.000000
12.810000
12.620000
12.130000
12.380000
12.000000
12.130000
11.380000
11.940000
12.380000
12.250000
12.690000
12.500000
12.440000
12.380000
12.250000
12.000000
12.000000
12.000000
12.000000
11.690000
11.560000
11.870000
11.380000
11.620000
12.130000
12.560000
11.500000
11.250000
11.560000
12.000000
12.130000
12.130000
11.620000
11.940000
11.130000
11.160000
11.190000
11.000000
11.000000
11.000000
11.000000
11.250000
11.000000
11.500000
11.130000
11.500000
11.620000
11.310000
11.440000
11.130000
11.130000
11.060000
11.030000
11.620000
11.870000
11.380000
11.060000
11.380000
11.380000
11.380000
11.130000
10.620000
10.750000
10.690000
10.880000
10.880000
10.880000
10.880000
10.880000
10.750000
10.620000
10.880000
10.880000
10.690000
10.690000
11.060000
11.060000
10.750000
11.000000
10.940000
11.130000
11.130000
11.130000
11.130000
11.250000
12.130000
12.250000
12.000000
12.000000
12.250000
11.870000
11.870000
11.870000
12.130000
12.190000
11.750000
11.750000
12.060000
11.870000
12.000000
12.000000
12.000000
11.810000
11.870000
11.870000
11.870000
11.870000
11.810000
11.940000
12.000000
12.000000
12.380000
12.060000
12.060000
12.000000
12.000000
12.870000
12.000000
12.000000
12.000000
11.870000
11.750000
11.750000
11.620000
11.560000
12.000000
11.250000
11.250000
11.000000
11.000000
11.060000
11.130000
11.060000
11.130000
11.250000
11.500000
11.000000
11.940000
12.060000
12.060000
11.620000
11.620000
11.940000
12.000000
12.000000
12.000000
12.500000
12.250000
12.250000
11.870000
12.000000
11.500000
11.250000
11.190000
11.380000
11.500000
11.440000
11.440000
11.690000
11.870000
12.000000
12.250000
12.130000
12.250000
12.250000
12.310000
12.310000
12.250000
12.190000
12.190000
12.190000
12.060000
12.250000
12.310000
13.000000
13.000000
12.500000
12.810000
13.000000
13.000000
12.560000
13.250000
13.250000
13.380000
13.630000
13.440000
13.630000
13.610000
13.250000
13.380000
13.810000
13.630000
13.690000
14.000000
13.750000
14.250000
13.810000
13.660000
13.310000
13.870000
13.940000
13.940000
14.120000
13.750000
14.060000
14.000000
14.000000
14.000000
14.190000
14.500000
15.190000
14.940000
15.120000
14.380000
14.630000
14.750000
14.630000
14.630000
14.250000
14.000000
13.750000
14.120000
13.810000
13.810000
13.940000
14.000000
13.500000
13.330000
13.440000
13.750000
13.250000
13.630000
13.120000
13.120000
13.500000
13.120000
13.310000
13.380000
13.870000
13.750000
14.250000
14.560000
14.120000
14.440000
14.000000
13.940000
13.910000
13.870000
14.380000
14.190000
14.120000
13.870000
14.000000
13.840000
13.810000
13.870000
14.000000
14.120000
14.120000
14.000000
14.750000
14.690000
14.810000
14.910000
14.940000
15.190000
14.880000
15.120000
15.000000
15.000000
15.250000
15.000000
14.880000
14.690000
14.880000
14.880000
15.000000
14.880000
14.630000
15.000000
15.310000
15.250000
15.000000
15.000000
15.000000
15.190000
15.060000
15.250000
16.310000
16.750000
16.250000
15.630000
16.000000
15.940000
16.120000
16.190000
15.630000
15.690000
15.690000
15.690000
15.690000
15.750000
15.630000
15.750000
15.750000
15.940000
15.940000
16.250000
16.190000
16.520000
16.870000
16.470000
16.800000
17.120000
17.500000
17.550000
18.000000
18.150000
18.500000
18.840000
18.750000
18.700000
18.460000
18.000000
17.510000
17.620000
17.870000
17.640000
18.000000
18.160000
18.420000
18.640000
18.700000
18.890000
19.470000
19.850000
20.130000
20.040000
20.200000
20.660000
20.400000
20.220000
20.500000
20.400000
20.310000
20.860000
20.420000
20.630000
20.820000
21.180000
21.410000
21.500000
22.420000
22.290000
22.300000
22.300000
21.760000
21.620000
21.700000
22.050000
22.000000
22.330000
22.350000
22.520000
22.480000
22.310000
22.600000
22.600000
22.600000
22.440000
22.480000
22.610000
22.660000
22.320000
22.400000
22.130000
21.740000
22.000000
22.590000
23.240000
23.550000
23.910000
23.880000
23.660000
23.540000
23.540000
23.250000
22.660000
21.990000
21.990000
21.250000
21.800000
21.470000
21.500000
21.460000
21.600000
21.260000
21.520000
21.500000
21.540000
22.080000
21.900000
21.700000
23.130000
22.880000
22.810000
23.200000
23.050000
23.520000
23.320000
23.100000
23.000000
23.080000
22.950000
23.000000
22.040000
22.040000
22.000000
21.600000
20.330000
19.640000
20.580000
20.750000
21.000000
21.820000
22.360000
21.750000
22.180000
22.460000
22.290000
22.580000
22.300000
23.910000
23.540000
23.600000
23.510000
23.780000
23.650000
23.630000
22.870000
22.500000
22.600000
22.290000
22.170000
21.630000
21.510000
21.380000
20.750000
21.070000
21.250000
21.430000
21.350000
21.480000
21.500000
21.820000
21.610000
21.900000
22.500000
22.660000
22.300000
22.130000
22.000000
22.000000
22.000000
22.100000
22.000000
22.100000
22.360000
22.750000
23.250000
24.850000
24.470000
24.620000
24.750000
25.130000
25.400000
25.500000
25.890000
25.000000
25.330000
25.400000
25.750000
25.810000
26.060000
26.750000
27.590000
27.520000
27.950000
27.700000
28.000000
27.850000
27.500000
27.390000
27.180000
27.120000
25.200000
23.240000
23.500000
24.150000
25.070000
24.500000
25.400000
24.250000
24.500000
25.000000
25.540000
25.510000
25.620000
23.300000
23.140000
23.200000
23.210000
23.250000
23.660000
23.300000
23.620000
23.400000
23.400000
23.630000
23.580000
24.200000
24.200000
23.870000
23.930000
23.740000
23.050000
23.210000
23.000000
22.590000
22.670000
22.190000
22.040000
22.900000
23.000000
22.500000
22.180000
21.850000
21.800000
22.500000
23.050000
22.840000
22.900000
22.680000
22.660000
23.150000
23.310000
23.220000
22.710000
22.310000
22.150000
22.040000
22.850000
22.930000
23.000000
23.330000
23.230000
22.990000
23.400000
24.600000
24.590000
23.350000
23.730000
24.750000
24.850000
24.270000
25.100000
23.880000
24.030000
24.080000
23.720000
23.460000
23.990000
24.600000
25.240000
25.000000
24.550000
24.270000
24.100000
24.000000
24.000000
24.250000
23.900000
24.300000
24.500000
24.450000
24.600000
25.010000
24.960000
25.100000
25.440000
25.870000
25.600000
25.890000
26.780000
26.970000
27.180000
27.010000
26.500000
26.020000
26.000000
24.850000
24.700000
24.210000
24.560000
24.750000
24.930000
24.980000
25.250000
25.500000
25.190000
25.010000
25.500000
25.300000
25.270000
25.240000
25.160000
25.150000
25.260000
26.010000
26.410000
25.900000
25.780000
25.500000
25.230000
25.360000
24.570000
23.960000
23.980000
23.550000
23.270000
23.640000
22.500000
20.500000
20.550000
21.880000
22.530000
22.400000
22.600000
19.940000
21.110000
22.000000
21.750000
21.460000
22.100000
22.330000
22.410000
22.000000
22.440000
22.330000
22.540000
23.150000
23.000000
23.440000
22.930000
22.930000
21.990000
21.410000
21.620000
21.930000
22.000000
21.590000
21.100000
21.300000
20.950000
21.340000
21.200000
21.700000
22.000000
22.000000
22.000000
22.000000
21.670000
20.500000
19.700000
19.900000
19.890000
20.190000
19.600000
19.110000
18.720000
18.770000
18.200000
17.810000
16.700000
16.470000
18.150000
18.900000
17.700000
17.700000
18.050000
17.800000
18.240000
18.380000
18.450000
15.840000
16.120000
16.750000
16.460000
16.810000
17.040000
17.570000
17.770000
17.320000
17.200000
17.620000
17.710000
18.070000
18.070000
18.110000
18.600000
18.620000
18.310000
18.050000
18.040000
18.140000
18.050000
18.710000
18.000000
17.790000
18.150000
18.010000
18.020000
17.820000
17.900000
17.460000
16.870000
16.870000
17.420000
17.350000
17.250000
16.970000
16.530000
16.500000
16.790000
16.600000
14.920000
15.990000
15.760000
16.450000
15.780000
16.000000
16.080000
16.340000
15.970000
16.200000
16.450000
16.230000
16.500000
16.700000
16.500000
16.730000
16.500000
16.690000
16.690000
16.690000
16.470000
16.540000
16.780000
16.640000
13.320000
13.240000
13.230000
13.260000
13.370000
13.300000
13.050000
12.750000
12.510000
11.980000
11.780000
11.770000
12.100000
12.000000
12.350000
12.960000
12.980000
13.140000
13.100000
12.900000
12.740000
12.690000
12.990000
12.850000
12.840000
12.840000
12.890000
12.950000
12.220000
12.220000
12.030000
11.950000
11.660000
11.600000
11.510000
11.550000
11.580000
11.840000
11.580000
11.870000
11.640000
11.640000
11.550000
11.110000
11.450000
11.400000
11.160000
11.750000
11.750000
11.510000
11.600000
11.710000
11.850000
11.700000
12.000000
11.810000
11.750000
11.840000
12.120000
11.940000
12.040000
12.000000
12.100000
12.160000
12.220000
12.520000
12.870000
12.970000
12.970000
13.220000
13.220000
12.880000
13.130000
13.010000
14.700000
14.900000
15.070000
14.700000
14.530000
14.670000
14.360000
14.700000
14.650000
15.390000
15.600000
16.500000
16.300000
16.180000
16.250000
16.490000
16.370000
16.240000
16.010000
15.650000
15.670000
15.670000
16.200000
16.230000
16.440000
16.280000
16.000000
15.500000
15.670000
15.630000
15.290000
15.610000
15.500000
15.300000
15.660000
15.250000
15.910000
16.020000
15.980000
15.980000
16.500000
16.340000
16.390000
16.200000
16.200000
16.300000
16.250000
16.400000
16.750000
17.000000
17.020000
16.990000
17.010000
17.180000
17.230000
17.370000
17.370000
17.500000
17.040000
16.860000
16.850000
16.200000
15.670000
16.000000
16.710000
16.710000
16.650000
16.410000
16.310000
15.990000
16.120000
15.730000
15.920000
15.940000
15.880000
15.880000
15.840000
15.870000
16.320000
16.050000
16.020000
16.020000
16.070000
16.040000
16.150000
16.290000
16.190000
16.350000
16.350000
16.690000
16.690000
16.800000
16.820000
16.920000
17.090000
17.350000
18.170000
19.000000
18.760000
18.720000
18.590000
17.910000
18.240000
18.340000
18.200000
18.470000
18.420000
18.250000
18.850000
18.770000
19.000000
19.380000
19.320000
19.720000
19.600000
20.130000
20.100000
20.600000
20.890000
20.890000
20.750000
21.000000
20.790000
20.620000
20.410000
20.740000
20.660000
20.300000
20.600000
20.550000
20.250000
20.250000
20.530000
20.500000
20.500000
20.150000
20.180000
20.520000
20.500000
20.340000
20.490000
20.610000
20.590000
20.600000
20.750000
20.030000
20.040000
19.970000
20.100000
20.270000
20.160000
20.000000
20.510000
20.040000
20.230000
20.200000
20.280000
20.300000
20.040000
20.700000
20.940000
20.390000
20.480000
20.090000
20.120000
20.400000
20.370000
20.270000
20.460000
20.460000
20.260000
20.110000
19.980000
19.900000
19.860000
20.320000
20.400000
20.700000
21.080000
20.990000
22.000000
22.000000
21.400000
21.760000
21.950000
22.100000
22.100000
22.930000
22.720000
22.930000
22.810000
23.510000
22.790000
22.420000
22.340000
22.370000
22.350000
22.050000
22.360000
23.130000
22.670000
22.670000
23.150000
23.240000
23.620000
23.830000
24.070000
23.910000
23.990000
23.620000
23.210000
23.390000
23.930000
23.410000
23.410000
23.290000
22.670000
22.330000
22.850000
22.650000
23.280000
23.770000
24.010000
24.530000
24.000000
24.630000
25.240000
25.000000
24.000000
23.930000
24.160000
23.830000
23.880000
24.230000
24.700000
24.320000
24.220000
24.000000
24.240000
24.230000
23.760000
22.570000
22.450000
22.270000
23.050000
23.150000
22.910000
22.940000
22.520000
22.130000
22.450000
22.600000
23.040000
22.760000
23.000000
22.790000
23.000000
23.210000
23.210000
23.010000
23.180000
23.820000
23.690000
23.260000
23.530000
23.360000
24.050000
24.220000
24.220000
24.480000
24.590000
24.490000
24.360000
24.990000
24.850000
24.830000
25.000000
24.860000
24.680000
24.200000
24.850000
24.780000
25.000000
24.990000
25.000000
25.000000
25.000000
24.130000
24.250000
24.000000
23.510000
23.500000
23.500000
23.250000
23.050000
22.950000
22.860000
22.950000
22.530000
22.760000
22.360000
21.880000
22.090000
23.150000
23.910000
23.740000
25.000000
23.910000
23.540000
23.700000
23.740000
23.370000
22.860000
22.860000
22.660000
22.870000
23.230000
23.090000
23.590000
23.750000
24.040000
24.180000
24.500000
24.860000
25.010000
25.010000
24.230000
24.540000
23.770000
23.500000
23.950000
24.850000
24.670000
24.670000
24.830000
24.560000
24.750000
24.710000
24.600000
24.190000
24.000000
23.990000
24.220000
24.400000
24.450000
24.500000
24.340000
23.830000
24.080000
24.440000
24.840000
24.750000
24.750000
24.660000
24.770000
23.680000
24.100000
24.540000
26.330000
26.420000
26.560000
26.490000
25.790000
26.000000
25.700000
26.690000
26.150000
26.850000
27.160000
26.860000
26.950000
27.520000
28.870000
28.920000
29.610000
29.620000
29.560000
30.110000
30.230000
30.740000
30.630000
31.000000
30.980000
31.390000
31.000000
31.500000
31.220000
32.000000
32.010000
32.020000
32.220000
33.010000
31.790000
31.920000
30.760000
30.600000
30.330000
30.540000
30.990000
16.320000
16.010000
15.950000
15.720000
14.850000
14.920000
14.990000
15.760000
16.090000
16.810000
17.000000
16.520000
16.500000
16.350000
16.960000
16.370000
16.600000
16.500000
16.520000
16.860000
16.560000
16.580000
16.990000
16.410000
16.810000
17.000000
18.230000
17.750000
17.450000
17.340000
17.290000
18.040000
18.010000
18.040000
18.090000
18.170000
18.150000
18.280000
18.760000
18.700000
18.400000
18.820000
19.060000
19.000000
19.180000
19.020000
19.100000
18.810000
18.770000
18.400000
18.570000
18.820000
18.900000
18.700000
18.570000
18.520000
18.650000
18.700000
18.850000
19.130000
19.410000
19.540000
19.990000
20.240000
20.120000
20.080000
19.920000
20.000000
19.940000
19.520000
19.830000
19.470000
19.110000
19.530000
20.160000
20.100000
20.400000
20.600000
19.840000
19.950000
19.980000
20.180000
20.080000
19.890000
19.840000
19.900000
19.420000
19.410000
19.550000
19.350000
19.210000
19.120000
19.020000
19.090000
19.130000
19.180000
19.050000
19.140000
19.500000
19.080000
19.050000
18.990000
18.750000
18.140000
18.200000
18.400000
18.280000
18.970000
19.090000
18.580000
18.620000
19.000000
18.930000
18.950000
18.970000
19.170000
19.080000
18.890000
19.020000
19.000000
18.910000
18.470000
18.620000
18.420000
18.490000
17.850000
18.950000
19.850000
21.150000
21.000000
20.630000
20.740000
20.550000
20.140000
20.150000
19.780000
20.250000
20.140000
19.970000
20.890000
20.440000
20.560000
20.860000
20.990000
21.850000
21.570000
21.780000
21.550000
21.780000
21.690000
21.820000
22.200000
22.010000
22.200000
22.110000
21.940000
23.380000
24.000000
24.050000
23.780000
24.680000
24.190000
24.130000
23.500000
23.500000
23.810000
23.900000
23.640000
23.270000
23.540000
23.390000
23.760000
23.360000
23.700000
23.500000
23.210000
23.610000
23.000000
23.040000
22.600000
22.670000
22.890000
23.040000
22.850000
22.950000
22.700000
22.850000
22.830000
22.570000
22.340000
22.160000
22.150000
22.660000
22.780000
22.930000
22.900000
22.870000
22.700000
22.780000
22.390000
22.360000
22.300000
22.950000
22.500000
22.640000
22.000000
21.780000
21.880000
22.340000
22.040000
21.540000
21.430000
21.340000
20.890000
20.800000
20.900000
21.050000
21.020000
21.260000
21.100000
22.730000
23.240000
23.390000
23.370000
23.090000
23.410000
23.920000
23.600000
23.650000
23.680000
24.790000
24.310000
24.410000
24.370000
24.030000
24.160000
24.410000
24.230000
24.370000
24.380000
24.550000
24.510000
23.320000
23.500000
24.190000
24.390000
25.080000
24.980000
25.340000
25.110000
25.120000
25.140000
25.150000
25.140000
24.590000
23.600000
24.110000
24.650000
24.750000
24.740000
24.840000
24.870000
25.670000
25.670000
25.690000
25.630000
25.760000
26.480000
25.740000
25.620000
25.380000
25.500000
25.790000
26.580000
25.500000
25.210000
24.810000
24.940000
24.700000
25.170000
25.460000
25.820000
25.920000
26.260000
26.380000
26.730000
26.650000
26.680000
26.830000
26.960000
26.320000
26.300000
26.410000
26.040000
25.180000
25.250000
25.210000
25.340000
25.740000
25.200000
25.270000
25.260000
25.040000
24.990000
25.200000
25.070000
25.180000
25.130000
24.730000
23.760000
24.360000
24.560000
24.540000
24.880000
24.950000
26.050000
26.190000
25.530000
25.740000
25.410000
25.250000
25.570000
25.420000
25.570000
24.970000
24.780000
25.140000
24.580000
24.780000
25.590000
25.840000
26.050000
25.900000
25.980000
25.690000
25.530000
25.090000
24.650000
25.000000
25.040000
24.600000
24.350000
24.720000
25.100000
24.880000
25.140000
24.940000
24.840000
24.900000
24.950000
25.580000
25.370000
25.360000
25.580000
25.510000
25.210000
24.810000
24.530000
24.380000
24.350000
24.090000
24.510000
24.190000
23.990000
23.840000
24.000000
24.700000
25.790000
25.070000
25.430000
25.510000
25.220000
25.130000
24.910000
24.440000
24.800000
24.950000
24.610000
24.270000
24.920000
25.010000
24.950000
25.090000
25.870000
25.660000
25.000000
25.300000
25.200000
25.790000
26.550000
26.640000
26.380000
26.250000
26.320000
26.950000
25.620000
25.050000
24.950000
24.390000
24.390000
24.300000
23.540000
23.790000
23.650000
23.180000
23.210000
23.060000
23.620000
23.960000
24.320000
24.580000
25.400000
25.520000
25.000000
25.010000
24.220000
24.400000
24.730000
24.840000
25.090000
24.750000
24.890000
25.020000
25.000000
24.590000
24.850000
24.310000
23.950000
23.880000
23.810000
24.750000
24.410000
24.860000
24.270000
25.240000
24.120000
24.250000
24.200000
23.480000
23.930000
23.670000
23.570000
23.690000
23.650000
23.670000
23.570000
23.620000
23.550000
23.150000
23.210000
23.950000
24.090000
24.010000
23.820000
23.830000
23.820000
23.830000
24.120000
24.000000
24.310000
24.000000
23.790000
23.680000
23.500000
23.500000
23.500000
23.850000
23.750000
23.880000
24.000000
24.040000
24.320000
23.930000
24.130000
24.010000
23.940000
23.580000
23.340000
23.400000
23.320000
23.600000
23.340000
23.480000
23.320000
23.450000
23.590000
23.200000
23.650000
23.760000
23.700000
24.250000
24.280000
24.120000
23.900000
24.020000
24.250000
24.070000
23.940000
24.040000
23.530000
23.720000
24.000000
24.260000
24.300000
23.700000
23.650000
22.950000
22.900000
22.950000
22.920000
23.250000
23.420000
23.420000
23.280000
23.390000
23.280000
23.100000
22.710000
22.510000
22.530000
22.590000
22.590000
22.420000
22.100000
22.250000
22.060000
22.590000
22.740000
22.690000
22.540000
23.260000
23.420000
23.440000
23.790000
23.950000
24.790000
25.120000
25.170000
24.870000
24.910000
25.160000
25.340000
25.440000
25.530000
25.460000
25.450000
25.540000
25.400000
25.800000
25.580000
25.820000
25.750000
25.490000
25.380000
25.210000
25.070000
24.400000
24.180000
23.900000
24.430000
24.970000
25.520000
25.060000
25.190000
24.470000
24.140000
23.830000
24.240000
24.450000
25.540000
26.030000
26.790000
26.940000
27.000000
27.340000
27.120000
27.240000
27.660000
27.450000
27.470000
27.200000
27.820000
28.080000
27.710000
27.650000
27.950000
27.600000
27.620000
27.490000
27.740000
27.940000
28.320000
28.890000
29.180000
29.540000
28.980000
29.250000
29.510000
29.620000
30.060000
30.380000
31.110000
31.010000
31.000000
31.810000
31.310000
31.480000
31.250000
31.670000
32.960000
33.630000
34.420000
34.660000
34.300000
34.050000
33.110000
33.030000
33.650000
34.140000
34.280000
35.000000
35.170000
36.250000
36.150000
35.250000
35.590000
35.830000
35.550000
35.410000
35.500000
36.590000
37.020000
37.000000
36.020000
35.900000
36.280000
35.980000
36.070000
36.330000
36.040000
36.020000
35.790000
36.310000
36.170000
36.780000
37.000000
36.290000
37.040000
37.210000
37.300000
37.800000
38.060000
37.700000
37.490000
37.830000
34.500000
34.160000
33.690000
33.300000
33.050000
32.930000
32.720000
32.580000
33.250000
33.740000
33.410000
33.780000
32.840000
32.670000
32.830000
33.540000
32.790000
31.330000
29.710000
30.350000
31.250000
31.050000
29.590000
29.950000
30.260000
29.890000
29.570000
29.250000
29.530000
30.150000
30.140000
29.200000
28.990000
28.110000
26.970000
26.540000
26.820000
27.050000
27.020000
27.820000
28.880000
29.500000
29.790000
29.990000
29.870000
30.390000
31.270000
30.870000
31.080000
31.260000
29.950000
32.100000
32.150000
33.480000
34.100000
34.570000
34.880000
34.640000
33.790000
34.500000
34.550000
34.450000
34.890000
34.860000
34.150000
34.000000
34.940000
34.780000
35.400000
36.270000
37.190000
37.980000
36.820000
36.500000
36.630000
36.770000
36.740000
36.910000
35.840000
35.390000
35.560000
35.190000
34.630000
34.490000
34.250000
33.770000
33.600000
33.440000
33.170000
32.530000
33.340000
33.400000
33.050000
33.150000
32.330000
32.280000
32.070000
32.630000
32.500000
31.830000
31.630000
31.080000
31.150000
29.230000
29.920000
30.100000
29.860000
30.110000
30.370000
29.960000
29.370000
30.000000
30.530000
30.410000
29.420000
27.500000
26.980000
26.560000
25.770000
25.300000
23.870000
24.040000
22.840000
22.830000
21.610000
22.000000
21.170000
21.770000
22.070000
21.070000
20.480000
20.690000
22.540000
22.550000
23.360000
23.300000
23.060000
22.970000
22.490000
22.530000
22.170000
21.610000
21.460000
20.990000
21.030000
20.810000
20.730000
21.260000
21.400000
21.970000
22.980000
22.910000
23.030000
22.430000
22.740000
22.350000
22.550000
22.730000
22.450000
21.580000
21.770000
21.780000
22.120000
21.780000
21.180000
21.240000
20.970000
21.000000
21.500000
22.460000
22.180000
22.600000
21.510000
21.670000
23.150000
23.760000
23.800000
23.610000
23.950000
23.750000
23.140000
23.580000
23.170000
23.650000
23.450000
23.930000
23.970000
24.630000
24.430000
24.180000
23.920000
24.380000
24.150000
24.270000
24.010000
24.190000
24.060000
24.390000
24.000000
24.410000
24.160000
23.860000
24.200000
24.120000
24.180000
22.780000
19.760000
17.800000
17.490000
17.330000
17.220000
17.090000
16.850000
16.700000
16.420000
16.640000
17.000000
16.680000
16.500000
16.450000
16.420000
15.700000
15.590000
14.920000
14.430000
14.730000
14.390000
14.680000
15.270000
15.130000
15.300000
15.070000
15.270000
15.450000
15.650000
15.160000
14.820000
14.250000
14.230000
13.680000
13.640000
13.350000
13.460000
13.190000
13.070000
12.860000
12.340000
12.090000
12.620000
13.000000
12.540000
13.670000
13.690000
14.500000
13.830000
13.970000
13.470000
15.650000
16.310000
16.660000
16.360000
16.400000
16.430000
16.500000
16.420000
16.500000
16.790000
16.730000
16.660000
16.380000
16.220000
15.990000
15.490000
15.670000
15.740000
15.790000
16.010000
16.240000
16.240000
16.620000
16.750000
16.390000
16.510000
15.860000
15.810000
16.410000
16.060000
16.370000
16.120000
16.170000
15.530000
15.180000
14.780000
14.200000
15.560000
15.450000
15.310000
15.360000
15.290000
15.350000
14.750000
14.620000
14.850000
14.210000
14.180000
12.560000
12.750000
12.330000
11.580000
11.640000
11.920000
11.770000
11.850000
11.970000
12.000000
12.910000
12.590000
11.310000
11.620000
11.160000
10.630000
10.150000
11.470000
11.150000
12.130000
12.990000
13.750000
13.870000
14.460000
13.890000
14.040000
13.720000
13.030000
13.820000
13.570000
13.220000
13.190000
13.190000
12.900000
10.990000
12.300000
12.410000
12.420000
13.050000
12.550000
12.310000
12.960000
12.810000
12.620000
13.030000
13.270000
13.890000
13.950000
13.750000
14.010000
13.220000
13.590000
13.270000
13.050000
12.830000
12.790000
12.980000
12.480000
12.520000
12.940000
13.150000
13.230000
13.430000
13.920000
13.680000
13.750000
13.680000
12.970000
13.340000
12.370000
12.830000
12.870000
12.380000
11.870000
12.170000
12.560000
12.270000
11.960000
11.660000
11.250000
11.080000
10.370000
10.800000
10.020000
10.410000
10.480000
10.800000
10.130000
10.010000
9.960000
10.120000
9.870000
9.340000
9.280000
8.890000
8.370000
8.250000
8.120000
8.240000
8.690000
8.380000
8.300000
8.430000
8.050000
7.390000
7.640000
7.530000
7.790000
7.770000
8.070000
7.800000
7.680000
7.950000
8.740000
8.700000
9.050000
9.010000
9.000000
8.960000
8.870000
8.240000
8.300000
8.630000
9.220000
8.970000
8.860000
8.550000
8.800000
8.700000
8.710000
8.830000
9.330000
9.140000
9.310000
9.290000
10.310000
10.070000
10.440000
10.370000
10.310000
10.320000
9.880000
9.990000
10.290000
12.280000
11.870000
11.740000
11.280000
12.010000
12.240000
12.220000
12.170000
12.570000
12.260000
12.740000
12.410000
12.520000
12.270000
12.280000
12.630000
12.620000
12.450000
13.000000
13.000000
12.990000
12.470000
12.380000
12.420000
12.530000
12.880000
12.830000
12.480000
12.250000
12.220000
12.340000
12.050000
12.130000
12.060000
11.790000
11.840000
11.610000
11.680000
11.610000
11.620000
11.770000
11.950000
11.260000
11.220000
11.300000
11.340000
11.100000
11.500000
11.780000
12.070000
12.280000
11.950000
12.040000
12.180000
12.080000
12.090000
12.630000
13.040000
13.810000
13.600000
13.520000
14.730000
15.350000
15.850000
15.400000
15.750000
15.860000
16.380000
16.090000
15.750000
16.060000
16.540000
16.500000
16.330000
16.710000
16.670000
16.570000
16.560000
16.700000
16.320000
16.190000
16.070000
16.000000
16.090000
14.700000
14.920000
14.900000
15.190000
16.020000
16.070000
16.150000
16.580000
16.310000
16.790000
17.290000
17.460000
17.310000
17.140000
17.970000
18.970000
18.480000
18.420000
18.860000
18.590000
19.300000
18.780000
18.390000
18.950000
19.670000
19.790000
20.890000
21.350000
21.570000
20.980000
21.200000
21.340000
21.010000
20.910000
19.850000
19.880000
18.620000
18.860000
18.500000
18.490000
17.850000
18.010000
17.770000
17.890000
18.110000
18.310000
18.520000
18.330000
19.000000
18.900000
18.890000
18.610000
18.930000
19.010000
18.940000
18.690000
18.170000
17.970000
18.670000
18.580000
18.670000
18.260000
18.530000
18.700000
18.830000
18.400000
18.430000
18.520000
17.680000
18.110000
18.260000
18.480000
18.790000
19.660000
19.310000
19.200000
18.770000
18.800000
18.860000
19.250000
19.280000
19.200000
19.190000
18.980000
19.120000
19.340000
19.910000
19.990000
19.930000
20.060000
19.970000
20.100000
20.070000
20.220000
20.230000
20.700000
20.250000
20.220000
19.920000
19.680000
19.480000
19.600000
19.620000
19.380000
19.540000
19.760000
19.720000
19.460000
19.460000
19.580000
19.520000
19.590000
19.810000
19.790000
19.640000
19.610000
19.760000
19.890000
19.570000
19.010000
18.930000
19.360000
19.150000
19.680000
19.590000
19.580000
19.730000
19.940000
19.980000
19.820000
19.960000
20.180000
20.620000
20.500000
20.600000
20.660000
20.990000
21.200000
21.450000
22.130000
21.960000
21.850000
22.210000
22.710000
22.360000
22.860000
23.020000
23.280000
23.710000
23.420000
23.310000
23.260000
23.270000
23.300000
23.780000
24.050000
24.260000
24.450000
24.270000
24.460000
24.290000
24.340000
24.470000
23.810000
24.150000
24.080000
23.870000
24.200000
23.440000
24.020000
22.650000
22.230000
22.890000
23.130000
23.370000
23.340000
22.860000
23.170000
22.900000
22.900000
21.820000
22.020000
21.620000
21.940000
21.720000
22.330000
22.260000
21.600000
22.060000
22.120000
21.630000
21.390000
21.730000
21.570000
22.390000
22.300000
22.310000
22.670000
22.880000
22.520000
22.370000
22.340000
21.860000
21.750000
21.200000
21.560000
21.780000
20.880000
20.830000
20.490000
20.240000
19.950000
20.900000
20.550000
20.720000
21.170000
21.620000
21.470000
21.490000
20.970000
20.810000
20.880000
20.620000
20.830000
21.270000
21.320000
21.670000
21.850000
21.920000
22.020000
22.090000
22.090000
21.550000
21.690000
21.660000
22.200000
22.020000
21.360000
21.620000
21.980000
21.950000
21.860000
22.110000
21.640000
20.980000
20.890000
20.460000
20.720000
20.610000
20.890000
20.590000
20.560000
21.320000
21.380000
21.720000
21.800000
21.840000
22.360000
21.980000
22.490000
22.480000
22.490000
22.890000
23.280000
23.510000
23.600000
23.490000
23.010000
23.340000
23.890000
24.160000
24.190000
24.120000
24.600000
24.870000
25.090000
25.730000
25.520000
25.910000
25.670000
25.880000
26.200000
25.870000
25.910000
25.740000
25.240000
25.500000
25.620000
25.510000
25.420000
25.880000
25.470000
25.300000
25.320000
25.820000
26.590000
26.620000
27.000000
27.270000
27.420000
27.200000
27.330000
27.370000
27.030000
27.000000
27.180000
27.020000
27.100000
26.800000
26.890000
26.560000
26.610000
26.720000
26.500000
26.310000
26.620000
27.000000
27.150000
28.090000
27.930000
27.970000
28.240000
28.490000
28.370000
28.300000
28.660000
28.620000
28.300000
28.360000
28.590000
29.400000
29.420000
29.760000
30.380000
29.540000
30.050000
30.180000
30.610000
30.200000
30.020000
29.880000
29.920000
29.370000
30.330000
30.400000
30.360000
30.310000
30.270000
30.370000
29.510000
29.680000
29.910000
29.160000
29.140000
29.040000
29.050000
28.500000
28.980000
29.090000
28.860000
29.500000
29.500000
29.340000
29.300000
29.040000
29.050000
29.670000
29.950000
29.850000
29.950000
30.840000
30.310000
30.320000
30.580000
30.990000
31.260000
32.080000
32.100000
32.950000
32.620000
32.620000
32.630000
32.630000
32.780000
33.170000
32.590000
32.680000
32.500000
33.270000
33.750000
34.620000
34.720000
34.960000
35.240000
35.670000
36.740000
36.670000
37.330000
38.030000
39.510000
39.970000
39.720000
39.340000
38.530000
39.880000
38.880000
38.240000
38.300000
39.620000
39.830000
39.580000
39.950000
40.080000
39.970000
39.280000
39.390000
38.790000
38.140000
38.190000
38.050000
37.810000
37.470000
37.210000
37.030000
36.960000
37.360000
37.420000
37.600000
36.980000
35.920000
35.910000
36.250000
37.560000
37.100000
36.660000
37.030000
36.860000
36.910000
36.670000
37.060000
36.660000
37.480000
36.880000
36.820000
37.520000
36.980000
37.270000
36.780000
36.810000
36.730000
35.870000
35.180000
34.740000
34.200000
35.060000
36.180000
35.260000
34.430000
33.830000
33.260000
33.460000
34.540000
34.680000
34.960000
34.030000
34.310000
34.120000
33.000000
32.870000
33.350000
32.990000
33.210000
32.900000
33.550000
34.990000
34.810000
35.000000
35.080000
35.380000
35.340000
35.670000
36.190000
35.650000
36.000000
35.970000
33.390000
33.130000
31.460000
32.470000
32.080000
33.590000
33.830000
34.230000
33.720000
33.540000
32.070000
31.530000
31.760000
31.930000
31.690000
31.510000
31.330000
31.630000
31.820000
31.930000
30.580000
29.560000
28.770000
29.730000
30.060000
28.870000
28.510000
28.720000
28.730000
28.760000
28.850000
28.450000
28.480000
27.590000
26.710000
27.190000
27.430000
28.000000
26.890000
26.110000
25.720000
24.900000
25.490000
25.450000
25.860000
25.810000
25.840000
25.800000
26.970000
26.540000
26.740000
26.020000
26.170000
25.980000
25.770000
26.570000
27.110000
27.210000
27.210000
28.270000
28.420000
28.030000
27.080000
27.340000
27.590000
27.280000
27.700000
27.860000
26.910000
26.820000
27.040000
26.140000
26.210000
25.930000
25.630000
25.430000
24.640000
24.680000
24.180000
23.930000
24.750000
24.460000
25.870000
25.950000
25.900000
26.690000
25.940000
26.450000
25.220000
25.050000
24.700000
24.540000
24.530000
24.500000
24.200000
24.090000
24.200000
24.650000
25.560000
25.450000
25.730000
26.070000
26.580000
26.490000
26.710000
26.890000
26.390000
26.080000
26.110000
26.120000
26.040000
26.020000
26.040000
26.770000
28.150000
28.480000
28.920000
29.180000
29.190000
29.080000
29.550000
29.340000
29.360000
29.630000
30.250000
30.320000
30.250000
31.040000
30.390000
30.500000
30.270000
29.240000
29.920000
29.580000
30.300000
31.860000
31.060000
30.760000
31.250000
31.470000
31.860000
31.760000
31.770000
32.260000
31.950000
31.980000
31.500000
30.990000
31.290000
31.410000
31.260000
31.230000
31.580000
31.130000
31.460000
31.180000
31.410000
31.150000
31.160000
31.070000
30.780000
31.190000
30.990000
30.660000
30.680000
30.640000
31.230000
31.240000
30.740000
30.850000
30.560000
29.680000
29.730000
30.970000
29.950000
29.830000
29.930000
29.770000
29.960000
29.890000
30.480000
28.510000
27.370000
27.300000
27.430000
27.340000
27.680000
27.630000
27.330000
27.080000
27.090000
27.150000
26.860000
26.780000
27.170000
26.930000
26.710000
26.350000
26.360000
26.240000
26.210000
25.720000
25.870000
26.150000
26.320000
26.590000
26.240000
26.140000
25.620000
25.440000
25.840000
26.330000
25.910000
26.300000
25.890000
26.240000
25.890000
25.820000
25.860000
25.010000
25.130000
25.760000
25.560000
25.460000
25.690000
25.730000
25.890000
26.360000
27.970000
27.910000
27.060000
27.390000
27.300000
27.230000
27.000000
27.200000
27.080000
27.350000
27.360000
27.350000
27.330000
27.520000
26.520000
25.650000
25.350000
25.060000
25.150000
26.110000
26.410000
26.640000
26.940000
27.070000
27.570000
27.190000
27.600000
27.780000
27.870000
28.020000
27.750000
27.910000
28.150000
27.940000
28.120000
28.450000
28.530000
28.160000
28.110000
27.810000
27.660000
27.680000
27.000000
27.140000
27.140000
27.420000
27.700000
27.880000
28.280000
28.140000
28.540000
28.220000
27.150000
28.670000
28.520000
28.170000
28.300000
28.290000
29.210000
29.010000
28.350000
28.020000
28.160000
27.950000
29.350000
29.990000
30.300000
30.840000
30.450000
30.440000
29.840000
29.470000
29.850000
30.000000
29.960000
29.830000
30.110000
29.930000
29.790000
29.960000
29.100000
29.050000
28.930000
29.730000
28.840000
28.730000
29.100000
29.190000
29.500000
29.410000
29.030000
28.830000
28.720000
28.650000
28.540000
28.030000
27.580000
28.240000
28.850000
29.090000
29.000000
29.100000
28.800000
28.940000
28.800000
28.840000
28.700000
28.500000
28.090000
27.900000
27.970000
28.170000
28.620000
28.830000
28.700000
28.570000
28.440000
28.490000
28.710000
28.320000
28.200000
28.140000
27.620000
28.140000
27.500000
28.230000
28.660000
28.060000
27.550000
27.900000
28.170000
28.690000
28.430000
28.600000
28.630000
28.540000
28.540000
29.080000
29.000000
29.290000
29.300000
29.050000
28.940000
29.030000
29.000000
29.200000
29.400000
29.660000
29.360000
29.940000
30.360000
31.020000
31.210000
31.280000
31.220000
31.400000
31.030000
31.140000
31.100000
30.900000
30.810000
31.370000
31.130000
30.910000
31.690000
31.650000
32.710000
33.160000
33.020000
32.700000
33.040000
32.920000
32.860000
32.760000
32.470000
32.550000
33.300000
33.150000
32.870000
32.930000
32.960000
32.840000
32.800000
33.290000
33.230000
33.320000
33.520000
33.500000
33.970000
33.790000
33.500000
33.550000
33.630000
34.320000
34.130000
34.000000
33.250000
33.350000
33.040000
33.010000
32.900000
33.120000
33.040000
33.020000
33.050000
32.420000
32.750000
32.990000
33.030000
33.470000
33.520000
33.800000
34.080000
33.480000
32.900000
32.530000
32.320000
32.750000
32.660000
32.980000
32.900000
32.610000
32.590000
31.910000
32.310000
32.210000
31.870000
31.840000
32.110000
31.860000
32.190000
31.490000
30.680000
31.200000
31.500000
31.390000
30.870000
30.640000
30.560000
30.390000
30.640000
30.620000
30.320000
30.110000
29.750000
29.770000
29.950000
30.520000
30.680000
31.280000
30.500000
30.760000
30.750000
30.710000
30.620000
30.980000
31.170000
32.390000
32.000000
32.080000
31.850000
31.610000
32.240000
32.710000
32.940000
33.050000
33.390000
33.440000
33.420000
33.460000
35.500000
37.120000
36.570000
36.690000
36.700000
36.750000
36.450000
37.250000
36.780000
36.570000
36.570000
36.700000
37.050000
36.880000
36.770000
36.100000
35.750000
35.610000
35.570000
35.810000
35.790000
35.200000
35.530000
35.000000
35.330000
35.900000
35.900000
36.190000
36.970000
38.140000
38.260000
37.500000
37.860000
37.540000
37.650000
37.890000
38.630000
37.980000
38.590000
39.090000
39.010000
38.890000
39.080000
38.790000
38.900000
39.570000
39.560000
39.720000
40.060000
39.800000
39.750000
40.700000
40.130000
40.210000
40.670000
40.250000
40.820000
41.060000
40.840000
40.470000
41.980000
41.900000
41.380000
41.010000
41.340000
41.120000
41.570000
42.290000
41.820000
42.040000
42.260000
42.440000
41.450000
41.090000
41.460000
41.320000
41.780000
41.830000
41.820000
41.930000
42.070000
42.280000
42.210000
41.740000
41.810000
42.010000
41.600000
41.340000
40.880000
40.050000
40.420000
40.010000
40.420000
40.780000
40.660000
40.600000
41.140000
41.710000
41.770000
41.980000
42.340000
42.790000
42.740000
42.910000
42.950000
42.820000
42.990000
43.050000
42.340000
43.100000
42.390000
43.490000
43.140000
42.590000
42.090000
42.070000
41.280000
41.990000
41.770000
41.760000
41.650000
41.130000
40.480000
39.720000
38.910000
38.800000
39.800000
39.900000
40.260000
40.050000
40.290000
40.620000
41.140000
41.500000
41.010000
41.930000
43.420000
43.520000
43.870000
44.140000
44.670000
44.790000
43.890000
44.590000
43.970000
44.630000
45.030000
45.660000
45.750000
46.050000
46.180000
46.930000
46.690000
46.890000
47.710000
47.760000
48.040000
48.390000
48.830000
49.230000
47.940000
48.460000
48.630000
48.300000
49.200000
49.600000
48.230000
47.400000
47.510000
48.440000
48.820000
48.850000
49.030000
48.410000
49.010000
48.980000
49.080000
47.590000
47.480000
47.910000
48.060000
48.410000
48.370000
48.230000
47.910000
48.010000
47.290000
47.260000
49.070000
49.630000
49.630000
49.840000
49.970000
50.410000
50.400000
50.310000
50.000000
49.860000
49.670000
49.540000
48.870000
48.680000
48.500000
48.480000
48.450000
48.590000
48.770000
49.030000
48.890000
49.630000
49.930000
51.100000
51.260000
51.260000
50.770000
51.220000
52.620000
52.520000
51.890000
51.530000
50.890000
50.870000
50.870000
51.140000
51.070000
51.330000
51.040000
51.090000
50.930000
50.490000
51.170000
50.590000
50.430000
51.220000
50.850000
50.780000
50.220000
50.310000
51.530000
50.380000
51.020000
50.520000
50.710000
51.150000
51.240000
51.700000
51.780000
52.170000
52.730000
52.030000
52.140000
54.880000
55.730000
55.660000
54.100000
53.960000
54.620000
54.570000
54.460000
54.170000
54.310000
54.400000
54.620000
53.520000
54.120000
53.410000
54.810000
54.680000
54.860000
54.400000
53.960000
55.220000
55.450000
55.520000
54.890000
56.410000
56.610000
56.300000
55.680000
56.130000
55.780000
55.550000
55.070000
54.840000
54.230000
54.830000
54.140000
54.560000
54.000000
53.680000
53.710000
53.400000
51.500000
51.670000
52.140000
52.220000
51.430000
52.130000
52.430000
52.770000
52.960000
53.730000
54.220000
54.160000
54.740000
54.770000
53.400000
53.770000
53.690000
53.270000
54.000000
53.700000
53.310000
55.760000
54.790000
51.090000
52.020000
52.820000
52.770000
53.250000
52.110000
51.990000
51.870000
52.000000
51.680000
51.620000
51.870000
51.840000
51.660000
52.280000
51.880000
52.360000
51.930000
52.130000
52.500000
52.250000
53.340000
53.520000
53.750000
55.040000
56.900000
55.760000
56.020000
54.500000
53.860000
51.360000
52.300000
51.280000
51.290000
51.500000
51.240000
51.080000
50.980000
50.660000
50.310000
50.100000
49.950000
50.300000
50.390000
50.860000
50.780000
50.430000
49.380000
49.830000
51.320000
52.280000
51.410000
51.260000
51.320000
51.180000
52.380000
52.130000
51.420000
52.760000
53.200000
52.660000
53.080000
52.490000
52.190000
52.370000
53.950000
55.360000
53.470000
54.800000
54.310000
54.130000
52.560000
56.170000
57.830000
57.780000
57.970000
57.900000
61.140000
60.500000
61.330000
61.500000
61.640000
60.670000
60.610000
60.580000
59.860000
59.870000
59.640000
57.810000
58.940000
58.750000
58.920000
59.740000
59.310000
60.630000
62.230000
63.670000
62.280000
63.440000
64.010000
64.080000
63.170000
63.410000
63.390000
64.370000
64.720000
66.410000
66.920000
67.610000
68.240000
69.070000
69.280000
69.310000
69.060000
67.120000
69.100000
69.430000
69.010000
67.080000
67.310000
66.300000
66.450000
66.410000
66.010000
65.250000
66.000000
65.420000
64.850000
65.520000
65.080000
64.120000
63.570000
64.090000
63.690000
62.030000
61.400000
61.520000
61.330000
61.500000
61.090000
62.040000
63.100000
63.850000
62.840000
63.960000
65.110000
65.380000
65.390000
41.640000
42.300000
42.230000
42.100000
41.350000
39.690000
40.120000
39.800000
39.610000
38.680000
38.710000
38.410000
37.970000
37.590000
37.990000
37.630000
37.630000
38.050000
38.340000
38.110000
38.480000
39.120000
39.280000
39.220000
39.210000
38.550000
38.870000
39.430000
40.300000
41.010000
40.450000
41.380000
41.890000
42.100000
42.360000
41.690000
40.730000
40.600000
40.130000
42.510000
42.300000
41.900000
41.550000
41.800000
40.780000
44.670000
47.280000
46.550000
47.630000
46.450000
46.340000
46.650000
47.340000
47.110000
47.190000
46.390000
46.460000
44.350000
41.770000
41.440000
42.290000
43.040000
43.090000
43.880000
43.670000
45.380000
42.930000
41.840000
42.520000
42.610000
41.890000
42.550000
42.190000
42.610000
44.350000
44.610000
43.870000
43.500000
43.670000
44.550000
43.530000
44.040000
42.700000
41.080000
40.590000
41.930000
42.440000
43.000000
41.770000
41.780000
42.060000
41.990000
42.120000
42.280000
41.260000
41.420000
41.230000
41.860000
42.260000
41.590000
42.280000
42.800000
41.830000
45.900000
48.250000
49.530000
49.570000
49.060000
49.170000
48.120000
47.370000
46.400000
45.530000
45.720000
45.160000
44.990000
44.370000
44.430000
44.480000
45.030000
44.900000
44.700000
44.880000
45.090000
45.750000
44.890000
45.360000
45.480000
44.700000
43.900000
44.430000
43.900000
43.570000
43.550000
44.870000
44.440000
44.390000
44.750000
44.960000
44.670000
44.400000
44.220000
44.480000
44.660000
45.220000
44.140000
44.550000
44.720000
44.550000
43.740000
43.790000
42.470000
42.430000
41.660000
40.730000
41.500000
39.090000
39.800000
39.650000
39.590000
40.320000
40.430000
41.720000
40.740000
42.930000
42.080000
42.710000
43.270000
38.920000
36.250000
34.590000
34.520000
32.380000
31.620000
31.940000
33.000000
32.900000
32.800000
33.080000
32.500000
32.440000
33.060000
33.230000
33.200000
33.280000
33.640000
34.480000
34.370000
34.670000
35.710000
36.360000
36.010000
36.580000
36.260000
35.560000
35.680000
36.150000
36.260000
34.240000
34.170000
34.640000
34.680000
34.890000
35.020000
35.220000
35.260000
35.250000
35.960000
36.710000
37.860000
37.040000
36.690000
37.000000
37.070000
37.100000
37.430000
37.780000
37.880000
38.850000
38.510000
39.010000
38.900000
38.710000
38.540000
37.910000
37.900000
37.230000
39.700000
41.460000
41.580000
41.420000
41.300000
40.320000
39.360000
39.630000
39.840000
39.480000
39.630000
39.340000
39.550000
38.740000
39.260000
38.650000
38.200000
37.970000
38.640000
38.310000
39.110000
39.590000
39.500000
39.880000
39.230000
39.520000
39.340000
39.510000
39.510000
38.770000
38.660000
38.610000
37.700000
36.130000
35.560000
36.400000
35.920000
36.200000
36.630000
36.550000
36.730000
37.850000
35.550000
33.340000
33.430000
34.800000
34.140000
34.320000
33.680000
34.300000
34.260000
34.780000
34.740000
36.680000
36.710000
37.530000
37.230000
36.930000
36.980000
37.410000
37.410000
37.040000
37.200000
39.530000
40.110000
40.300000
41.280000
42.130000
41.600000
42.340000
43.090000
42.990000
43.320000
43.700000
43.760000
43.660000
43.090000
44.080000
43.960000
44.030000
43.560000
43.080000
43.080000
43.530000
43.270000
42.740000
42.860000
42.290000
42.430000
41.150000
42.850000
43.300000
42.860000
42.500000
42.350000
41.150000
41.040000
41.050000
41.190000
42.090000
42.030000
42.140000
41.720000
41.290000
42.570000
41.620000
41.690000
41.050000
41.910000
41.870000
42.070000
42.070000
42.360000
42.160000
42.070000
41.860000
41.310000
41.860000
41.100000
41.180000
40.870000
41.500000
41.750000
41.550000
41.000000
41.450000
41.300000
40.700000
40.300000
39.700000
35.700000
34.800000
35.750000
35.800000
35.900000
36.050000
35.900000
36.050000
35.900000
35.450000
35.400000
35.450000
35.450000
34.250000
34.850000
34.400000
34.650000
35.350000
35.750000
35.850000
36.300000
35.250000
35.300000
36.350000
36.100000
35.450000
35.650000
35.900000
36.800000
37.650000
38.250000
38.000000
37.350000
37.350000
37.500000
37.450000
37.650000
37.450000
36.650000
36.350000
36.250000
35.950000
36.200000
36.750000
36.550000
37.000000
37.300000
36.800000
36.950000
36.800000
36.800000
37.300000
37.000000
37.000000
35.550000
35.100000
36.250000
36.700000
37.000000
37.350000
36.950000
36.950000
36.650000
36.650000
37.350000
36.900000
36.700000
36.250000
36.350000
37.650000
38.450000
39.450000
39.200000
39.000000
42.050000
45.000000
46.250000
46.100000
46.750000
48.250000
48.950000
49.050000
50.450000
50.750000
50.600000
49.600000
48.450000
49.050000
48.550000
47.950000
48.950000
48.900000
48.650000
49.200000
48.800000
47.650000
48.700000
47.750000
47.500000
47.900000
47.650000
47.100000
47.000000
47.000000
46.850000
47.200000
47.600000
47.450000
47.900000
47.700000
47.500000
48.200000
48.200000
48.250000
47.500000
48.250000
48.450000
49.350000
49.650000
49.650000
49.400000
48.650000
49.050000
48.950000
48.850000
50.300000
53.500000
51.850000
52.000000
52.400000
52.600000
52.050000
51.900000
51.750000
51.350000
51.800000
52.150000
51.550000
51.250000
51.700000
51.800000
51.900000
53.000000
53.350000
53.050000
52.750000
53.600000
54.250000
54.950000
54.900000
55.000000
55.100000
54.400000
53.750000
53.650000
53.250000
52.950000
52.700000
52.550000
53.500000
53.500000
53.550000
53.550000
53.750000
54.050000
54.250000
56.850000
55.650000
56.450000
56.350000
55.450000
55.550000
56.150000
56.150000
56.650000
58.100000
58.200000
60.050000
55.300000
54.850000
53.850000
54.150000
54.350000
54.750000
55.350000
55.650000
54.500000
54.350000
53.850000
55.350000
55.650000
53.050000
52.050000
52.500000
51.550000
50.200000
49.150000
49.250000
51.050000
50.600000
50.350000
49.550000
49.200000
49.200000
49.750000
49.450000
49.450000
49.250000
49.600000
50.250000
51.250000
52.000000
51.900000
51.750000
51.300000
51.300000
50.800000
51.200000
50.950000
50.150000
49.600000
49.500000
48.300000
47.900000
48.050000
48.150000
49.050000
49.450000
49.650000
49.150000
49.650000
49.700000
49.700000
50.300000
50.550000
50.800000
51.150000
51.350000
53.300000
54.500000
54.500000
54.650000
54.300000
54.600000
54.850000
54.450000
54.350000
54.400000
54.100000
55.000000
54.600000
54.500000
54.700000
58.600000
60.050000
59.150000
59.200000
60.000000
59.350000
59.300000
59.450000
59.450000
59.100000
59.000000
59.100000
60.450000
60.750000
61.300000
61.950000
61.750000
62.000000
61.450000
62.250000
60.550000
61.000000
60.550000
59.850000
59.500000
59.300000
59.600000
59.450000
59.200000
59.350000
59.550000
58.850000
57.950000
59.450000
60.000000
59.200000
58.350000
59.100000
59.700000
59.900000
60.350000
60.350000
61.100000
60.850000
60.200000
60.900000
61.350000
61.950000
60.750000
61.200000
61.050000
61.150000
62.600000
62.950000
63.250000
61.850000
61.850000
61.300000
62.300000
62.200000
61.500000
61.600000
60.550000
59.400000
57.700000
56.700000
55.900000
57.650000
57.750000
58.200000
59.450000
59.700000
66.650000
67.300000
64.550000
64.100000
64.050000
63.100000
64.550000
65.300000
64.900000
62.850000
63.900000
63.500000
63.300000
63.650000
64.600000
65.400000
66.400000
66.350000
66.050000
65.950000
66.550000
66.500000
67.150000
67.900000
68.450000
67.500000
66.100000
67.400000
67.450000
67.850000
69.450000
68.000000
69.800000
70.300000
70.750000
69.550000
68.700000
69.800000
70.050000
70.250000
70.000000
70.100000
71.400000
70.700000
69.650000
70.200000
69.200000
69.400000
69.000000
68.300000
68.300000
68.050000
73.150000
72.700000
72.950000
73.000000
72.450000
71.950000
70.950000
71.150000
70.150000
73.650000
75.350000
76.500000
76.400000
76.400000
77.150000
76.200000
75.900000
75.350000
74.900000
74.400000
73.400000
72.100000
72.000000
72.450000
72.700000
74.400000
73.600000
73.850000
72.900000
72.850000
72.400000
72.050000
72.350000
73.250000
72.650000
74.500000
75.200000
74.950000
74.500000
73.750000
73.550000
75.200000
75.700000
76.300000
77.500000
77.750000
79.050000
79.600000
79.650000
79.950000
81.300000
81.300000
80.300000
80.800000
82.350000
82.250000
82.550000
82.000000
81.650000
82.800000
82.900000
81.850000
81.050000
82.000000
81.850000
81.350000
79.250000
79.900000
78.350000
79.200000
79.200000
79.050000
77.900000
78.600000
78.850000
78.500000
79.950000
79.700000
80.700000
80.400000
80.450000
81.150000
82.250000
82.550000
82.400000
81.750000
81.550000
80.350000
79.400000
79.250000
78.200000
77.900000
78.100000
79.150000
77.750000
78.150000
78.200000
79.250000
78.550000
78.250000
78.950000
79.900000
78.800000
77.900000
76.550000
77.550000
76.710000
74.600000
73.530000
73.280000
71.700000
70.680000
69.300000
66.220000
65.700000
66.410000
67.650000
69.860000
68.270000
67.190000
67.020000
67.690000
65.800000
63.540000
63.060000
63.330000
62.240000
65.780000
67.850000
69.010000
67.980000
67.460000
68.390000
68.530000
68.020000
66.270000
64.220000
63.430000
63.080000
62.230000
62.350000
62.330000
61.560000
63.000000
63.800000
64.720000
64.000000
65.990000
64.930000
65.800000
66.800000
63.340000
61.750000
60.610000
57.160000
57.060000
57.290000
55.040000
53.390000
52.560000
53.640000
53.370000
53.180000
52.880000
52.390000
53.630000
55.100000
55.250000
55.030000
55.140000
52.740000
56.280000
56.530000
57.880000
58.900000
57.980000
59.060000
58.900000
59.140000
59.100000
60.180000
61.440000
59.290000
59.750000
61.550000
62.480000
62.110000
61.730000
61.980000
63.990000
63.660000
65.500000
65.470000
65.360000
64.100000
63.880000
64.080000
67.150000
68.800000
68.650000
68.650000
68.750000
69.550000
69.530000
69.430000
69.290000
68.100000
68.300000
68.280000
68.490000
68.090000
68.160000
67.360000
66.190000
65.570000
66.220000
65.970000
64.500000
65.550000
65.160000
65.070000
65.070000
64.870000
65.660000
64.130000
63.560000
64.590000
65.460000
66.000000
66.760000
68.550000
67.830000
68.620000
67.710000
67.230000
67.210000
67.220000
69.450000
68.630000
69.100000
69.260000
68.940000
68.990000
69.030000
68.910000
69.430000
69.010000
69.360000
66.830000
65.080000
64.380000
62.660000
61.720000
63.110000
62.980000
62.280000
62.710000
61.000000
61.430000
60.870000
60.960000
61.120000
61.670000
61.800000
61.000000
61.910000
61.760000
61.620000
61.880000
61.710000
61.750000
61.570000
61.560000
62.520000
64.100000
65.540000
66.200000
68.340000
69.100000
67.060000
66.660000
67.950000
68.500000
69.190000
70.180000
70.620000
70.280000
70.490000
70.130000
70.750000
69.850000
70.770000
71.620000
71.580000
71.280000
71.580000
72.000000
72.120000
71.230000
71.460000
71.970000
73.080000
73.280000
73.830000
74.450000
75.200000
75.380000
74.750000
74.520000
76.360000
76.280000
77.170000
76.960000
72.690000
72.560000
72.670000
72.360000
71.120000
70.140000
70.490000
71.740000
71.010000
69.780000
69.470000
67.730000
67.090000
67.720000
68.080000
67.820000
68.310000
67.300000
65.960000
65.660000
65.350000
66.140000
67.670000
67.500000
66.020000
66.650000
67.100000
68.250000
67.150000
68.720000
68.310000
68.950000
69.570000
69.440000
70.290000
69.820000
70.930000
72.430000
73.380000
73.260000
73.640000
74.640000
74.700000
75.050000
72.460000
70.230000
70.830000
71.420000
71.400000
70.590000
71.010000
71.750000
73.430000
72.870000
73.860000
73.850000
73.780000
73.420000
73.550000
73.050000
72.180000
71.190000
71.230000
71.770000
66.650000
66.020000
66.950000
67.410000
66.770000
67.110000
67.700000
69.470000
70.080000
69.920000
69.840000
69.350000
70.790000
70.840000
70.990000
70.590000
71.330000
70.030000
70.780000
71.760000
71.760000
73.420000
72.210000
72.550000
72.050000
72.890000
74.330000
74.080000
74.390000
74.710000
73.460000
72.080000
71.630000
71.620000
71.650000
73.010000
73.210000
77.000000
76.580000
78.400000
78.160000
77.790000
78.220000
77.970000
78.110000
77.940000
77.720000
78.030000
78.160000
79.260000
79.720000
80.630000
81.940000
82.610000
82.690000
83.740000
81.670000
81.840000
81.850000
81.390000
81.610000
82.100000
81.590000
82.150000
81.030000
82.980000
83.640000
84.710000
84.660000
83.390000
83.140000
82.710000
85.730000
87.540000
90.060000
90.760000
90.460000
90.260000
90.650000
88.640000
87.250000
87.150000
83.270000
80.860000
83.740000
83.020000
83.230000
81.260000
79.690000
74.000000
74.290000
72.270000
63.140000
68.570000
53.950000
47.400000
38.450000
43.370000
43.670000
35.990000
42.140000
52.160000
49.480000
50.550000
48.310000
48.010000
45.930000
45.380000
45.450000
48.720000
51.510000
53.770000
58.630000
54.430000
53.940000
52.850000
52.770000
52.070000
52.930000
51.420000
50.370000
50.460000
50.240000
53.110000
53.780000
54.920000
55.000000
49.900000
49.140000
50.120000
49.530000
49.660000
50.410000
47.280000
45.770000
45.070000
43.750000
46.490000
48.760000
46.600000
47.410000
48.480000
48.370000
51.260000
53.640000
52.490000
51.400000
52.110000
54.590000
61.500000
60.860000
62.510000
66.160000
65.330000
62.800000
58.640000
59.320000
59.040000
61.330000
59.260000
59.900000
60.840000
60.460000
59.160000
57.290000
57.400000
55.050000
56.510000
57.310000
56.950000
57.300000
58.930000
56.410000
56.290000
54.230000
54.040000
53.840000
53.550000
56.170000
55.590000
55.580000
54.970000
