24.312300
24.126000
23.907600
24.040200
23.720100
23.900000
23.808000
23.380000
24.580300
24.121900
24.597300
24.573300
24.752800
24.400200
24.113500
24.931000
23.824800
22.437800
22.941000
22.783200
22.787400
22.636500
22.035300
21.437100
21.255300
20.305900
20.794900
20.798100
20.527700
20.738000
20.949700
21.710000
22.180200
21.659500
21.991300
22.090400
21.616100
21.775900
21.357600
21.138600
20.914100
20.447700
20.278900
20.080900
19.306500
19.119600
19.046500
18.562300
17.987100
17.272000
17.345300
17.970000
17.962600
17.532600
17.195900
17.138600
15.970000
16.018900
15.926500
16.615200
16.406200
16.946100
16.599100
16.631300
16.523500
16.874700
16.948800
17.058900
16.803000
16.176100
16.050400
15.884600
16.080600
15.874500
16.031500
15.779700
15.591200
16.320000
15.829700
15.340100
14.855700
14.156100
13.928100
13.255500
13.695600
14.213600
15.230000
14.557600
14.364200
14.238100
14.375100
14.393900
13.990000
13.820000
13.681100
13.506700
13.400000
13.570000
13.360000
13.192600
13.612700
13.634900
13.619300
13.340000
12.970000
13.160000
13.109300
12.984700
13.161600
12.975700
12.892500
12.615100
13.300000
13.217900
13.100000
12.795800
12.537300
12.512000
12.756800
12.618000
13.240400
13.371400
14.329100
14.374700
14.443200
14.110000
14.084300
14.000700
13.420000
12.962700
13.450000
13.280000
12.985300
12.632600
12.660000
12.897400
12.738800
12.600000
12.322100
12.155000
12.353400
12.160000
12.106100
12.650000
12.530000
12.556800
12.693200
12.445200
11.810000
11.384300
11.228000
10.660000
10.790000
10.800000
10.420000
10.790000
10.330700
9.905200
8.815400
9.160000
8.545000
7.439900
7.795800
7.180000
7.409300
6.835600
7.223600
7.468400
7.510000
8.060000
8.551000
9.250000
9.190000
8.869700
8.758200
8.213000
8.333000
8.097100
8.520000
8.570000
8.885300
8.930100
9.120000
9.293500
9.210000
9.003800
9.360000
9.392400
9.270000
9.277900
9.464200
9.625500
10.050000
9.890000
10.070200
9.778700
9.396800
9.640000
9.676600
9.680000
9.690500
9.710000
9.730000
9.639500
9.141200
9.381500
9.865700
10.300000
10.497700
10.625000
11.076200
11.722000
12.030100
11.900000
12.010000
11.458600
11.608700
11.689300
11.850000
11.816800
11.798300
12.561900
12.450000
12.342800
11.197800
11.343200
11.480000
11.665300
11.503300
11.719500
11.632200
11.568300
11.651100
11.345600
11.375000
10.998400
11.140000
10.960000
11.180000
11.140000
11.460000
11.210000
11.260000
11.120000
11.370000
11.400000
11.580000
11.910000
11.880000
11.900000
11.880000
