10.000000
10.000000
10.000000
10.000000
10.000000
10.000000
10.000000
10.000000
10.000000
10.000000
10.000000
10.000000
10.000000
10.000000
10.000000
10.000000
10.250000
10.250000
10.250000
10.250000
10.250000
10.250000
10.199900
10.199900
10.199900
10.199900
10.234900
10.250000
10.250000
10.250000
10.250000
10.250000
10.250000
10.250000
10.250000
10.250000
10.250000
10.250000
10.250000
10.250000
10.250000
10.250000
10.250000
10.250000
10.620000
10.620000
10.600000
10.980000
10.750000
10.310000
10.310000
10.270700
10.630000
10.630000
10.750000
10.750000
10.200000
10.200000
10.200000
10.300000
10.310100
10.537700
10.745600
10.745600
10.670000
10.670000
10.490000
10.490000
10.490000
10.280000
10.200000
10.200000
10.200000
10.200000
10.230000
10.230000
10.230000
10.250000
10.250000
10.490000
10.490000
10.490000
10.500000
10.500000
10.589900
10.260000
10.300000
10.300000
10.300000
10.300000
10.480000
10.450000
10.450000
10.450000
10.450000
10.360000
10.350000
10.500000
10.500000
10.500000
10.500000
10.500000
10.500000
10.380000
10.530000
10.644000
10.495000
10.540000
10.632000
10.632000
10.850000
10.850000
10.590000
10.590000
10.590000
10.590000
10.590000
10.450000
10.450000
10.450000
10.600000
10.600000
10.600000
10.600000
10.600000
11.000000
11.000000
11.000000
11.000000
10.800000
10.800000
10.703000
10.703000
10.703000
10.684000
10.684000
10.600000
10.600000
10.500000
10.500000
10.500000
10.500000
10.500000
11.250000
11.300000
11.600000
11.550000
11.600000
11.630000
11.630000
11.700000
11.730000
11.760000
11.700000
11.510000
11.800000
11.930000
12.040000
11.950000
11.890000
11.940000
11.830000
11.900000
11.955000
11.945000
11.950000
11.930000
11.980000
11.940000
11.920000
11.940000
11.940000
11.990000
11.880000
11.825000
11.800000
11.630000
11.580000
11.840000
12.100000
12.220000
12.140000
12.140000
12.150000
12.030000
11.910000
11.870000
11.990000
11.910000
11.850000
11.950000
11.960000
11.760000
11.710000
11.810000
11.730000
11.695000
11.750000
11.700000
11.780000
11.780000
11.850000
11.470000
11.840000
11.840000
11.840000
11.840000
9.900000
9.900000
9.910000
9.910000
9.920000
9.920000
9.920000
9.920000
9.920000
9.950000
9.950000
9.950000
9.950000
9.950000
9.950000
9.950000
9.950000
10.150000
10.150000
10.150000
10.050000
10.100000
10.110000
10.110000
10.110000
10.110000
10.110000
10.000000
10.000000
10.100000
10.100000
10.150000
10.150000
10.160000
10.160000
10.160000
10.130000
10.150000
10.380000
10.380000
10.380000
10.300000
10.300000
10.300000
10.300000
10.300000
10.300000
10.300000
10.300000
10.300000
10.300000
10.300000
10.300000
10.300000
10.300000
10.200000
10.250000
10.250000
10.470000
10.470000
10.470000
10.470000
10.470000
10.470000
10.470000
10.475000
10.475000
10.475000
10.475000
10.350000
10.300000
10.300000
10.300000
10.400000
10.400000
10.400000
10.400000
10.400000
10.400000
10.400000
10.400000
10.400000
10.400000
10.400000
10.900000
10.580000
10.590000
10.700000
10.700000
10.990000
11.000000
10.600000
10.750000
10.750000
10.750000
10.750000
10.800000
10.800000
10.800000
10.800000
10.800000
10.800000
10.775000
10.775000
10.775000
10.775000
10.775000
10.800000
10.700000
10.700000
10.800000
10.900000
10.870000
10.800000
11.000000
10.950000
10.950000
11.180000
11.180000
11.090000
11.090000
11.100000
11.100000
11.100000
11.160000
11.160000
11.160000
11.000000
11.000000
10.680000
10.415000
10.415000
10.415000
10.415000
10.000000
10.000000
10.000000
10.000000
10.000000
10.000000
9.900000
9.900000
9.900000
9.900000
9.900000
9.960000
9.960000
9.960000
9.960000
9.980000
9.980000
9.980000
9.980000
10.150000
10.220000
10.220000
10.220000
10.250000
10.250000
10.513400
10.513000
10.650000
10.400000
10.450000
10.450000
10.450000
10.300000
10.350000
10.350000
10.600000
10.800000
10.650000
10.650000
10.600000
10.350000
10.600000
10.600000
10.600000
10.600000
10.590000
10.510000
10.780000
10.840000
10.850000
10.850000
10.600000
10.850000
10.740000
11.150000
11.165000
11.230000
11.120000
11.340000
11.260000
11.260000
11.070000
11.100000
11.100000
11.080000
11.000000
11.150000
11.100000
11.050000
11.050000
11.150000
11.300000
11.990000
11.300000
11.280000
11.350000
11.300000
11.370000
11.250000
11.200000
11.300000
11.350000
11.510000
