22.100000
22.580000
23.100000
23.200000
23.150000
23.010000
22.990000
22.690000
22.550000
22.410000
22.090000
21.850000
21.650000
21.750000
22.000000
22.100000
20.750000
20.490000
21.390000
21.810000
22.000000
22.100000
22.000000
22.200000
22.300000
22.450000
23.050000
23.440000
23.190000
23.250000
22.450000
21.900000
22.300000
22.300000
21.990000
22.000000
22.150000
22.600000
22.900000
22.900000
22.860000
22.690000
22.850000
22.880000
22.990000
23.400000
23.400000
23.450000
23.500000
23.290000
23.450000
23.850000
23.500000
23.500000
23.500000
23.600000
23.890000
23.800000
23.900000
24.000000
23.600000
23.520000
23.540000
23.700000
23.400000
23.350000
23.400000
23.250000
23.390000
23.000000
23.400000
23.200000
23.250000
22.720000
22.400000
22.550000
22.450000
22.200000
21.950000
21.900000
22.550000
21.900000
21.040000
21.590000
21.200000
22.150000
22.000000
21.310000
20.950000
21.000000
21.980000
22.350000
22.310000
22.390000
22.500000
22.260000
22.150000
21.510000
21.230000
22.100000
21.820000
22.000000
22.080000
21.990000
22.150000
22.090000
22.100000
22.200000
22.050000
22.150000
21.940000
21.910000
21.900000
21.160000
21.010000
20.810000
19.870000
18.850000
19.520000
20.250000
21.000000
21.010000
20.250000
20.400000
20.340000
20.340000
20.460000
21.150000
21.300000
21.400000
21.060000
21.200000
21.150000
21.150000
21.250000
21.250000
21.700000
21.900000
22.200000
21.840000
22.100000
22.510000
22.990000
22.790000
22.600000
22.650000
22.240000
22.340000
22.200000
22.370000
22.200000
22.450000
22.760000
22.880000
23.250000
22.160000
23.050000
22.460000
22.800000
22.480000
22.300000
22.610000
22.880000
22.750000
22.210000
21.950000
22.550000
22.350000
22.210000
21.740000
21.400000
21.100000
21.110000
21.700000
21.340000
21.100000
21.200000
21.850000
21.600000
21.750000
21.750000
21.900000
21.930000
21.900000
22.370000
22.500000
21.700000
21.900000
21.750000
21.900000
21.950000
21.570000
21.780000
22.200000
21.840000
22.400000
22.150000
21.930000
22.000000
21.620000
21.980000
22.100000
21.900000
22.390000
22.120000
21.760000
22.100000
22.100000
21.830000
22.300000
22.500000
22.800000
22.870000
22.130000
22.600000
23.170000
23.080000
23.260000
23.250000
23.590000
23.730000
23.680000
23.660000
23.510000
23.400000
23.770000
23.950000
24.070000
23.960000
23.890000
23.890000
24.090000
23.740000
23.050000
22.850000
22.850000
23.180000
23.100000
23.500000
23.480000
23.860000
24.010000
24.160000
24.420000
24.800000
25.250000
25.150000
25.600000
25.090000
24.480000
24.990000
25.210000
25.290000
25.120000
25.100000
24.700000
25.160000
25.330000
24.660000
24.740000
25.000000
25.600000
25.500000
25.620000
25.610000
25.500000
25.500000
25.380000
24.850000
24.500000
24.990000
25.250000
25.110000
25.120000
24.820000
24.950000
24.410000
24.000000
24.200000
24.400000
24.870000
25.020000
25.350000
25.400000
25.600000
25.300000
25.500000
25.520000
25.640000
25.950000
26.480000
26.300000
26.990000
27.100000
26.820000
26.500000
26.750000
26.850000
26.200000
26.980000
27.800000
27.110000
27.280000
27.700000
27.400000
27.850000
27.500000
27.950000
28.550000
28.400000
28.600000
28.400000
27.750000
27.720000
27.270000
27.640000
28.090000
27.950000
28.100000
28.600000
28.590000
28.950000
29.250000
29.510000
29.100000
29.750000
29.760000
30.750000
30.500000
28.160000
27.450000
27.850000
28.650000
28.650000
28.740000
28.620000
28.300000
28.150000
28.390000
28.300000
28.550000
28.750000
28.770000
29.300000
29.150000
28.500000
28.600000
28.200000
28.700000
28.500000
28.500000
28.490000
29.780000
30.100000
30.550000
30.400000
30.050000
29.770000
30.450000
30.500000
30.930000
31.250000
31.650000
31.100000
31.300000
31.850000
31.760000
31.690000
31.450000
31.590000
31.550000
31.870000
31.850000
32.450000
31.550000
30.500000
29.650000
28.640000
28.350000
28.850000
28.950000
29.450000
29.900000
30.250000
30.100000
30.400000
31.240000
31.050000
31.250000
31.400000
31.510000
32.000000
31.900000
32.000000
32.260000
32.250000
31.630000
31.950000
31.900000
31.300000
31.650000
31.650000
31.470000
31.200000
31.120000
31.000000
31.000000
31.240000
31.000000
30.850000
30.880000
31.250000
31.100000
31.000000
31.000000
30.900000
31.000000
30.800000
31.000000
31.250000
31.000000
31.250000
31.250000
31.150000
31.250000
31.300000
31.300000
31.600000
31.250000
31.580000
32.620000
33.200000
33.500000
33.480000
33.350000
34.750000
35.000000
34.280000
34.640000
33.770000
33.690000
34.200000
34.100000
34.530000
35.450000
35.250000
35.220000
35.270000
36.150000
36.220000
35.440000
35.150000
35.250000
35.500000
35.200000
35.240000
35.100000
35.040000
34.700000
34.370000
34.220000
33.940000
33.450000
33.560000
34.150000
35.110000
35.100000
34.620000
34.900000
34.950000
35.650000
36.260000
35.600000
35.340000
35.700000
36.000000
36.850000
37.070000
37.110000
36.650000
36.900000
36.050000
36.150000
36.550000
36.010000
35.600000
35.150000
35.160000
34.480000
35.920000
36.620000
36.910000
37.000000
38.000000
38.300000
39.200000
39.540000
40.210000
40.100000
39.890000
40.550000
40.000000
39.680000
38.520000
37.850000
37.680000
38.000000
38.820000
39.980000
40.150000
40.050000
39.330000
39.050000
39.750000
39.950000
40.150000
40.490000
40.750000
40.760000
41.230000
42.200000
41.900000
41.800000
41.690000
41.900000
40.560000
39.650000
40.030000
39.400000
39.550000
39.250000
39.950000
39.950000
40.340000
41.320000
41.050000
40.890000
41.260000
41.140000
41.200000
41.400000
41.930000
40.160000
39.750000
39.250000
39.020000
39.110000
38.750000
38.440000
37.480000
37.200000
37.000000
37.440000
38.100000
38.140000
37.910000
37.440000
35.600000
35.880000
35.090000
35.050000
34.540000
34.410000
33.220000
33.220000
33.930000
33.900000
33.950000
32.750000
31.550000
32.420000
32.750000
32.300000
32.340000
32.070000
31.470000
32.260000
32.930000
32.350000
32.720000
33.750000
33.190000
33.210000
33.290000
33.580000
33.740000
33.770000
33.750000
33.750000
33.510000
33.820000
33.980000
33.670000
33.600000
33.560000
33.950000
34.180000
34.300000
33.920000
34.710000
35.830000
35.590000
35.800000
35.850000
35.900000
36.000000
36.300000
37.110000
37.190000
37.300000
37.180000
37.440000
37.340000
37.050000
37.400000
37.180000
37.340000
37.490000
37.350000
37.340000
37.440000
37.500000
37.330000
36.980000
36.990000
37.600000
36.270000
36.430000
36.330000
36.200000
36.150000
36.320000
36.760000
36.300000
36.080000
36.700000
36.750000
36.720000
37.880000
37.930000
38.100000
36.960000
37.100000
37.840000
38.050000
38.350000
38.150000
38.510000
38.300000
38.480000
38.560000
38.840000
38.800000
38.870000
39.140000
38.900000
38.710000
38.920000
38.920000
39.100000
38.850000
39.360000
39.240000
39.230000
38.930000
38.960000
39.230000
39.080000
39.340000
39.390000
39.180000
39.220000
39.600000
39.800000
39.750000
39.510000
39.650000
39.550000
39.610000
39.460000
38.850000
38.750000
39.080000
38.840000
38.850000
38.880000
39.000000
39.060000
38.970000
39.330000
39.510000
39.060000
39.360000
39.400000
39.650000
39.800000
39.800000
39.570000
39.700000
39.850000
40.000000
40.440000
40.240000
39.950000
40.340000
40.720000
40.680000
40.740000
40.980000
41.000000
40.360000
40.210000
39.730000
40.100000
40.010000
40.310000
40.090000
40.050000
40.010000
40.240000
40.770000
41.270000
41.750000
41.960000
41.760000
42.130000
42.000000
42.180000
42.300000
42.140000
42.180000
42.500000
43.050000
42.290000
42.440000
41.530000
41.900000
41.190000
41.150000
40.900000
41.350000
41.700000
42.130000
42.050000
42.260000
42.450000
41.690000
41.220000
40.980000
40.350000
40.750000
40.950000
40.650000
41.100000
41.550000
41.510000
41.810000
41.790000
41.500000
41.650000
41.600000
41.400000
41.550000
41.340000
41.660000
41.730000
41.300000
41.290000
41.100000
41.290000
41.650000
41.900000
42.150000
42.420000
42.780000
43.100000
43.250000
43.850000
43.690000
42.450000
41.950000
41.900000
41.730000
41.700000
41.690000
40.550000
40.470000
40.500000
40.600000
40.970000
41.140000
40.900000
40.900000
40.300000
40.000000
40.030000
40.290000
40.300000
40.240000
39.160000
40.370000
40.680000
40.760000
40.890000
41.000000
40.300000
40.820000
41.080000
42.280000
41.730000
42.850000
41.510000
41.240000
40.950000
40.850000
40.650000
40.400000
39.730000
39.900000
39.490000
39.850000
40.000000
40.000000
40.150000
39.790000
39.430000
37.500000
37.010000
37.440000
37.350000
37.210000
37.120000
37.300000
37.200000
37.330000
37.150000
37.330000
37.460000
37.270000
37.480000
37.400000
37.370000
37.390000
37.600000
37.550000
37.500000
37.600000
38.050000
38.050000
37.740000
37.800000
37.870000
37.980000
37.900000
38.040000
38.130000
37.950000
37.880000
38.100000
38.050000
38.320000
38.210000
38.200000
38.790000
39.140000
39.460000
39.050000
39.500000
39.410000
39.260000
39.240000
39.010000
38.950000
39.000000
39.660000
39.490000
39.880000
40.180000
39.950000
40.290000
41.130000
39.000000
38.900000
38.990000
38.550000
38.670000
38.870000
39.290000
39.010000
38.800000
38.900000
38.800000
39.020000
38.970000
39.110000
38.800000
38.700000
38.480000
38.800000
38.930000
38.860000
39.540000
40.380000
40.350000
40.420000
39.470000
39.420000
39.480000
39.200000
38.890000
38.560000
38.640000
38.680000
38.650000
38.560000
38.290000
38.690000
38.550000
38.750000
38.500000
38.580000
38.650000
38.700000
39.090000
38.730000
37.800000
38.530000
38.400000
38.460000
37.750000
37.190000
37.660000
38.470000
38.300000
38.310000
37.800000
38.300000
38.280000
38.460000
38.120000
38.310000
38.400000
38.650000
38.770000
38.900000
37.920000
37.830000
37.700000
38.440000
38.300000
38.300000
38.400000
38.800000
38.200000
38.690000
38.250000
38.110000
38.500000
38.550000
38.300000
38.550000
38.090000
38.320000
37.950000
37.780000
37.890000
38.420000
38.800000
38.900000
38.950000
38.850000
38.870000
38.990000
38.750000
38.610000
38.710000
38.830000
39.000000
39.100000
39.020000
38.890000
38.850000
38.780000
39.030000
38.800000
40.100000
39.950000
40.150000
40.200000
40.760000
41.510000
41.480000
41.050000
41.500000
41.300000
40.850000
41.140000
41.250000
41.600000
41.800000
41.510000
42.040000
42.000000
41.500000
41.700000
41.950000
41.870000
41.860000
41.630000
41.700000
41.390000
41.260000
40.150000
40.590000
41.500000
42.450000
42.880000
43.020000
43.150000
43.180000
43.400000
43.300000
43.150000
42.860000
42.780000
43.470000
42.550000
42.090000
41.200000
40.970000
40.980000
41.110000
41.900000
42.450000
42.000000
42.150000
42.000000
42.050000
41.150000
41.400000
41.340000
41.700000
42.150000
41.890000
42.150000
42.100000
41.970000
41.600000
41.020000
41.420000
41.850000
41.800000
41.310000
41.600000
41.600000
41.310000
41.100000
40.940000
40.990000
40.640000
41.700000
42.970000
43.300000
43.900000
43.710000
44.000000
44.000000
43.000000
42.500000
41.850000
41.850000
42.050000
42.090000
42.200000
42.240000
42.150000
41.740000
42.010000
41.600000
41.850000
42.140000
41.150000
41.000000
40.210000
40.800000
41.500000
42.110000
42.950000
42.850000
42.690000
42.790000
42.280000
42.200000
41.840000
41.950000
41.300000
40.380000
40.250000
41.300000
41.510000
40.740000
40.800000
41.250000
41.090000
40.920000
40.190000
40.000000
39.600000
40.060000
40.850000
40.750000
40.990000
41.000000
40.820000
41.290000
41.400000
41.520000
41.100000
41.350000
41.220000
41.000000
41.480000
41.230000
41.110000
41.950000
41.930000
41.800000
41.900000
41.810000
43.030000
43.500000
43.940000
43.650000
43.910000
43.370000
43.550000
42.680000
43.350000
43.880000
43.980000
44.900000
44.500000
44.670000
44.830000
45.230000
45.260000
45.050000
45.230000
44.970000
44.830000
44.870000
44.830000
44.900000
45.050000
45.250000
44.650000
44.700000
44.380000
44.020000
44.010000
44.050000
43.900000
43.650000
44.100000
43.890000
44.300000
44.130000
43.970000
43.790000
44.300000
44.330000
44.560000
44.760000
45.460000
44.690000
44.910000
45.250000
45.110000
44.920000
44.500000
43.840000
44.640000
44.950000
45.200000
45.660000
46.210000
46.850000
47.010000
47.290000
46.120000
46.900000
46.600000
46.610000
46.510000
46.640000
46.470000
46.710000
46.400000
46.470000
47.300000
47.350000
47.110000
47.270000
47.370000
48.050000
47.650000
48.080000
48.140000
48.220000
48.590000
48.300000
48.470000
47.650000
47.780000
48.340000
48.540000
48.350000
48.820000
49.190000
49.690000
48.940000
48.680000
49.150000
49.290000
49.750000
50.270000
50.880000
49.960000
49.890000
49.850000
49.720000
49.900000
50.110000
50.230000
50.500000
50.560000
49.750000
49.720000
49.800000
49.680000
49.810000
50.410000
50.880000
50.880000
50.880000
50.920000
51.220000
51.770000
51.850000
52.370000
52.700000
52.070000
52.400000
52.230000
52.260000
52.150000
53.770000
55.380000
53.770000
54.010000
55.990000
56.560000
55.200000
54.640000
54.910000
55.550000
55.590000
55.240000
56.620000
57.520000
56.520000
56.250000
56.910000
55.990000
56.100000
56.800000
56.730000
56.970000
56.640000
57.430000
57.570000
57.710000
57.900000
58.260000
57.840000
58.790000
58.310000
57.840000
57.940000
57.970000
58.810000
58.450000
58.200000
57.910000
58.550000
59.000000
59.240000
59.050000
59.380000
59.380000
60.030000
59.590000
60.010000
60.310000
60.010000
59.930000
60.330000
59.930000
59.900000
59.620000
59.500000
59.530000
60.770000
60.400000
59.060000
60.400000
60.040000
60.470000
60.920000
61.130000
60.220000
60.560000
60.900000
61.500000
61.340000
62.420000
62.840000
61.790000
61.250000
61.960000
61.730000
61.770000
61.700000
61.150000
59.370000
59.650000
60.100000
60.500000
61.000000
61.350000
61.900000
61.970000
61.400000
59.040000
58.730000
56.860000
55.540000
57.240000
57.220000
57.240000
56.810000
56.800000
57.020000
57.490000
57.920000
57.600000
58.320000
58.920000
59.990000
60.080000
59.800000
60.100000
61.010000
61.590000
61.990000
62.980000
62.500000
62.260000
62.410000
62.090000
61.400000
61.210000
61.230000
61.140000
61.460000
61.340000
60.850000
59.350000
59.070000
58.960000
58.810000
57.100000
55.640000
53.600000
51.290000
53.000000
52.500000
50.120000
50.020000
51.250000
50.650000
50.160000
48.920000
49.200000
50.250000
50.730000
52.430000
53.480000
54.350000
53.650000
52.230000
52.710000
53.040000
53.700000
53.500000
55.200000
54.940000
53.990000
53.400000
52.500000
52.060000
53.190000
52.990000
52.720000
53.010000
53.840000
53.720000
53.780000
53.030000
52.300000
51.180000
50.980000
51.150000
51.060000
50.170000
50.000000
52.000000
53.110000
53.460000
53.110000
53.830000
53.200000
53.890000
53.850000
54.020000
54.200000
54.900000
53.770000
53.800000
55.250000
56.750000
57.450000
57.560000
58.400000
58.810000
58.700000
58.660000
58.650000
57.110000
55.590000
54.420000
53.920000
53.960000
54.030000
53.150000
52.630000
52.860000
51.960000
51.530000
50.700000
49.920000
50.380000
50.000000
49.520000
49.810000
49.860000
50.110000
50.010000
49.100000
48.800000
49.080000
48.690000
49.040000
49.830000
50.840000
50.320000
50.170000
49.660000
49.380000
49.330000
48.700000
51.250000
51.000000
51.520000
51.090000
51.400000
50.180000
50.800000
51.990000
50.590000
50.300000
50.010000
48.810000
48.100000
49.020000
48.990000
49.000000
49.100000
48.300000
47.500000
47.000000
49.260000
49.300000
50.060000
50.420000
50.290000
50.940000
51.540000
52.000000
52.700000
51.810000
51.400000
52.200000
52.260000
53.060000
53.500000
53.460000
53.600000
53.350000
53.940000
53.870000
53.500000
53.610000
53.500000
53.660000
53.510000
53.650000
53.500000
53.600000
53.350000
52.640000
52.170000
51.260000
50.530000
51.230000
50.110000
49.810000
48.660000
47.400000
47.210000
46.220000
45.550000
46.360000
46.700000
47.990000
47.460000
47.880000
48.800000
49.260000
49.690000
49.790000
50.050000
50.310000
50.500000
50.410000
49.800000
49.010000
49.040000
48.890000
49.800000
50.590000
51.300000
51.490000
51.390000
51.100000
51.700000
52.430000
52.020000
52.300000
51.830000
51.380000
51.180000
51.500000
51.160000
51.100000
50.980000
51.670000
51.670000
51.000000
50.980000
51.060000
51.650000
51.990000
52.350000
52.650000
52.550000
51.950000
52.080000
52.000000
52.170000
52.250000
52.400000
52.470000
51.710000
52.250000
51.820000
52.250000
51.830000
51.350000
51.040000
51.210000
51.950000
52.210000
51.530000
49.980000
49.380000
48.790000
49.160000
49.520000
48.060000
47.000000
46.900000
46.420000
46.940000
46.190000
45.700000
44.170000
45.250000
45.530000
45.800000
45.350000
44.100000
43.320000
43.390000
43.640000
44.830000
44.920000
46.330000
46.770000
46.650000
47.850000
47.650000
48.600000
48.290000
48.900000
49.370000
49.430000
48.960000
47.810000
47.520000
48.020000
47.050000
47.570000
47.200000
47.130000
46.660000
47.000000
47.480000
47.760000
47.470000
47.450000
47.370000
48.300000
48.470000
48.640000
48.360000
47.500000
46.840000
47.000000
46.290000
45.130000
44.920000
45.250000
46.210000
45.250000
43.680000
43.170000
44.950000
49.230000
48.630000
47.000000
45.310000
47.890000
46.850000
44.000000
44.250000
44.000000
42.780000
42.040000
37.410000
34.600000
33.000000
30.050000
29.110000
37.100000
38.660000
38.470000
38.000000
38.000000
40.970000
40.880000
40.000000
38.630000
38.840000
38.280000
41.480000
44.200000
44.090000
45.540000
47.030000
49.150000
47.500000
46.500000
45.520000
46.200000
43.450000
42.750000
43.870000
43.250000
42.870000
42.030000
37.600000
35.660000
34.360000
38.380000
40.890000
43.080000
44.470000
43.600000
41.940000
42.200000
42.400000
44.120000
44.000000
44.250000
43.920000
44.420000
43.790000
43.540000
45.300000
47.110000
45.030000
43.770000
43.700000
43.200000
42.470000
43.970000
43.270000
43.620000
45.140000
47.730000
48.800000
50.140000
49.240000
49.810000
49.330000
48.670000
50.500000
49.520000
49.880000
49.020000
48.200000
49.500000
49.180000
49.800000
51.200000
51.390000
53.300000
53.500000
53.880000
54.390000
54.290000
53.990000
54.090000
54.820000
54.690000
53.310000
52.590000
53.360000
54.980000
53.890000
52.750000
51.830000
49.960000
48.140000
50.610000
52.760000
54.980000
54.990000
50.760000
49.310000
50.080000
49.430000
47.810000
48.030000
48.840000
49.050000
51.050000
51.720000
51.930000
52.750000
53.150000
53.110000
52.600000
53.350000
53.500000
53.170000
53.620000
53.060000
51.840000
51.570000
51.500000
53.100000
53.860000
53.000000
52.400000
53.000000
52.820000
52.840000
49.450000
49.330000
49.710000
50.300000
49.700000
50.010000
49.970000
50.070000
50.500000
50.360000
50.650000
51.030000
52.090000
52.300000
52.890000
53.000000
52.160000
51.240000
52.880000
52.060000
52.320000
50.040000
51.350000
50.740000
51.040000
50.190000
50.810000
51.510000
51.150000
51.620000
50.960000
51.730000
52.420000
53.260000
53.740000
53.480000
54.670000
54.120000
53.240000
53.100000
53.320000
55.060000
55.790000
56.000000
55.150000
53.290000
53.770000
54.150000
52.280000
51.720000
52.480000
53.610000
54.060000
54.690000
54.220000
54.870000
55.500000
54.720000
54.390000
54.020000
53.980000
55.000000
54.770000
54.940000
54.980000
54.900000
54.870000
55.080000
54.900000
55.000000
55.400000
57.410000
58.600000
58.940000
58.290000
58.520000
59.230000
59.550000
58.900000
57.810000
56.750000
56.140000
55.830000
55.500000
56.410000
56.260000
56.140000
54.940000
56.240000
55.960000
56.390000
56.350000
56.380000
56.810000
56.780000
56.830000
56.660000
56.780000
56.130000
55.090000
55.500000
56.100000
56.950000
57.280000
57.300000
58.190000
58.020000
58.150000
58.920000
58.010000
58.990000
58.810000
58.850000
59.100000
59.070000
59.070000
59.460000
59.350000
59.250000
58.800000
58.960000
60.000000
59.460000
59.000000
59.690000
60.240000
60.410000
60.410000
60.560000
61.170000
60.930000
61.070000
61.710000
61.650000
61.700000
61.180000
59.420000
58.620000
57.970000
58.820000
58.450000
58.340000
58.060000
57.450000
58.200000
58.200000
58.540000
58.500000
58.530000
58.470000
58.600000
59.570000
59.890000
60.010000
59.810000
60.120000
60.790000
61.010000
61.910000
62.100000
61.750000
62.000000
61.860000
61.830000
61.850000
62.070000
63.050000
62.880000
63.420000
64.300000
64.410000
64.780000
65.330000
65.920000
63.850000
65.640000
65.870000
66.810000
68.870000
68.370000
67.340000
67.200000
66.890000
68.180000
68.990000
69.050000
68.150000
69.080000
69.040000
68.500000
69.250000
69.680000
69.880000
71.520000
71.330000
70.660000
70.650000
70.300000
70.300000
71.040000
69.690000
69.020000
71.040000
68.550000
68.620000
65.260000
63.470000
64.880000
64.170000
63.470000
63.840000
64.110000
65.640000
66.110000
66.130000
67.670000
67.330000
67.230000
67.580000
67.660000
67.860000
68.170000
68.500000
68.160000
68.030000
68.500000
68.590000
68.570000
68.750000
68.810000
68.910000
68.860000
68.800000
69.000000
68.600000
68.110000
68.050000
67.990000
67.400000
67.350000
66.860000
67.200000
67.730000
68.500000
68.840000
68.950000
68.850000
68.520000
68.980000
70.090000
70.610000
70.720000
70.590000
70.800000
70.250000
70.440000
71.470000
71.560000
71.660000
71.490000
71.140000
70.170000
67.830000
67.570000
68.410000
68.530000
67.330000
66.000000
62.350000
63.350000
65.740000
66.770000
67.550000
66.110000
66.410000
65.160000
64.980000
63.130000
62.010000
62.660000
63.000000
63.220000
64.580000
65.970000
65.810000
64.630000
65.710000
67.600000
66.450000
66.750000
66.640000
67.000000
67.700000
68.240000
68.540000
69.500000
69.880000
70.120000
70.150000
70.340000
70.310000
70.110000
70.240000
71.750000
72.240000
71.410000
72.000000
71.060000
71.940000
72.320000
73.750000
74.690000
74.730000
76.010000
76.990000
76.560000
76.640000
76.470000
76.310000
76.860000
76.980000
77.230000
77.080000
77.520000
77.090000
76.840000
75.680000
76.560000
77.780000
77.910000
79.150000
77.540000
76.950000
76.670000
76.730000
75.180000
74.310000
74.960000
75.230000
75.200000
76.400000
76.140000
75.910000
76.540000
74.490000
74.480000
74.530000
74.650000
74.400000
74.050000
74.850000
75.000000
75.600000
75.290000
74.980000
75.170000
75.430000
75.650000
75.700000
75.490000
75.570000
75.890000
76.480000
76.820000
77.160000
76.640000
76.780000
76.970000
77.220000
77.630000
78.650000
79.440000
79.010000
79.490000
79.270000
79.730000
79.540000
79.960000
79.720000
80.300000
79.620000
79.860000
79.700000
79.120000
79.710000
79.680000
80.310000
79.880000
79.990000
79.890000
79.880000
79.990000
80.040000
80.580000
80.580000
79.300000
79.400000
80.000000
81.230000
81.070000
81.120000
80.540000
80.700000
79.550000
79.230000
79.560000
80.020000
80.550000
80.370000
80.490000
80.230000
80.550000
80.650000
81.550000
81.450000
81.480000
81.240000
81.960000
81.660000
82.280000
82.810000
83.100000
83.040000
81.410000
81.000000
79.850000
80.520000
80.750000
81.540000
81.570000
81.860000
82.650000
83.000000
83.570000
83.590000
84.280000
83.870000
84.190000
84.140000
84.660000
85.420000
85.660000
86.500000
86.700000
86.470000
86.960000
86.100000
84.550000
85.650000
86.600000
85.400000
87.250000
87.240000
86.020000
85.790000
85.550000
86.200000
86.660000
85.400000
85.400000
85.370000
85.510000
84.910000
85.400000
86.820000
89.270000
88.530000
87.950000
88.180000
87.700000
87.060000
87.500000
88.790000
88.490000
88.180000
87.460000
87.140000
86.980000
87.190000
87.320000
86.360000
84.920000
84.070000
83.910000
82.760000
83.690000
84.810000
83.200000
84.660000
85.030000
84.900000
85.480000
85.720000
85.870000
85.730000
86.320000
86.780000
87.310000
87.550000
87.740000
87.850000
88.190000
88.330000
87.850000
87.250000
87.020000
86.800000
86.900000
85.860000
85.860000
87.000000
87.730000
88.420000
89.080000
88.880000
89.450000
90.030000
89.180000
87.600000
86.790000
85.500000
86.990000
87.240000
86.600000
85.200000
84.310000
83.290000
82.080000
80.590000
83.080000
83.420000
84.210000
83.520000
83.590000
84.150000
84.330000
84.670000
84.600000
84.270000
84.010000
84.170000
82.940000
82.780000
82.930000
84.240000
85.470000
84.150000
84.500000
83.920000
82.420000
81.950000
82.000000
82.970000
83.500000
83.860000
84.080000
84.120000
85.250000
85.680000
86.150000
86.350000
86.400000
86.500000
86.670000
86.580000
85.890000
85.330000
84.600000
84.120000
83.830000
83.770000
84.340000
84.030000
84.210000
84.900000
84.050000
83.520000
85.810000
85.400000
85.770000
85.790000
86.490000
86.280000
82.900000
81.090000
75.720000
81.860000
83.150000
84.370000
84.220000
85.330000
84.880000
85.870000
84.100000
82.020000
80.920000
82.900000
83.510000
83.000000
83.920000
84.000000
84.690000
85.750000
85.450000
84.590000
83.220000
84.250000
84.260000
85.200000
85.110000
85.660000
85.100000
85.570000
85.090000
86.850000
88.250000
88.220000
87.120000
86.320000
86.710000
89.910000
88.020000
88.880000
88.490000
88.380000
86.440000
88.510000
89.470000
89.760000
91.480000
92.840000
93.660000
92.940000
94.530000
94.820000
94.700000
96.410000
96.360000
97.510000
97.000000
94.990000
95.960000
97.170000
98.070000
98.280000
99.400000
98.140000
99.060000
100.360000
99.920000
99.650000
99.610000
101.380000
103.730000
104.510000
105.390000
106.110000
105.950000
105.770000
104.270000
102.620000
104.890000
103.420000
104.950000
105.600000
103.260000
105.000000
105.820000
34.640000
37.260000
35.860000
35.060000
34.970000
34.780000
34.980000
34.610000
35.170000
35.370000
36.240000
36.790000
36.670000
36.570000
37.240000
38.830000
38.760000
39.760000
39.400000
38.510000
38.820000
38.760000
38.320000
37.280000
36.580000
36.240000
35.860000
36.350000
35.920000
36.000000
36.040000
36.400000
37.040000
36.650000
36.100000
36.410000
36.390000
36.770000
37.330000
36.440000
37.040000
37.790000
38.520000
39.520000
39.480000
39.900000
39.940000
39.930000
39.180000
40.350000
40.950000
40.630000
40.660000
40.240000
40.810000
41.800000
41.250000
40.400000
39.050000
39.570000
39.140000
38.760000
38.100000
38.600000
38.470000
38.550000
38.530000
38.350000
37.560000
37.220000
36.800000
38.070000
38.530000
38.600000
38.130000
38.060000
37.960000
37.790000
37.620000
37.250000
37.810000
37.500000
37.720000
37.590000
37.900000
37.530000
36.970000
37.410000
38.160000
38.720000
38.290000
38.610000
38.940000
39.280000
39.420000
39.300000
39.500000
39.040000
40.320000
40.990000
40.690000
40.600000
40.060000
39.040000
39.660000
38.820000
38.590000
37.990000
38.270000
37.870000
37.050000
37.190000
37.250000
36.740000
35.080000
35.590000
35.520000
35.200000
34.530000
34.400000
34.480000
33.880000
33.680000
33.280000
32.630000
33.490000
33.670000
33.490000
33.130000
32.930000
33.710000
33.780000
33.580000
33.170000
32.810000
33.680000
34.310000
34.180000
34.990000
34.570000
34.510000
35.130000
35.630000
36.270000
37.000000
37.280000
37.520000
37.380000
37.900000
37.990000
38.110000
38.020000
38.600000
39.020000
39.120000
39.060000
38.750000
38.450000
38.050000
38.290000
38.200000
38.340000
38.780000
39.430000
40.250000
40.610000
40.110000
42.290000
42.330000
42.300000
42.360000
41.790000
42.410000
42.390000
42.300000
42.600000
44.610000
44.590000
44.060000
44.000000
43.850000
43.970000
43.780000
44.020000
44.670000
46.510000
46.470000
46.650000
46.390000
46.640000
46.840000
47.120000
47.600000
48.490000
49.000000
49.180000
50.040000
49.820000
49.350000
49.600000
49.390000
48.100000
47.320000
46.400000
46.170000
46.540000
46.650000
49.240000
49.000000
49.180000
49.490000
49.420000
48.610000
47.970000
47.810000
47.480000
48.320000
49.110000
50.890000
51.160000
49.790000
48.560000
49.600000
49.380000
50.110000
49.830000
49.270000
49.010000
49.690000
49.580000
50.480000
51.900000
51.420000
50.950000
48.610000
46.100000
45.060000
45.680000
46.750000
49.160000
49.700000
50.340000
50.510000
50.580000
50.050000
50.370000
50.580000
51.000000
50.820000
50.790000
50.920000
50.550000
49.710000
50.090000
48.670000
49.710000
49.050000
48.960000
48.890000
48.430000
49.840000
51.050000
50.920000
49.760000
49.660000
49.370000
49.250000
49.490000
49.730000
52.100000
52.080000
52.520000
53.140000
52.940000
52.920000
53.070000
54.380000
55.170000
55.810000
55.770000
56.790000
56.190000
57.510000
57.070000
56.770000
56.730000
58.320000
59.850000
59.950000
60.660000
61.160000
60.980000
60.930000
59.250000
59.600000
60.330000
60.250000
60.760000
61.140000
61.140000
60.940000
62.270000
61.460000
60.890000
61.540000
60.250000
60.980000
62.160000
62.530000
62.580000
65.180000
66.140000
65.600000
67.080000
67.520000
67.750000
67.370000
66.610000
63.200000
62.440000
61.570000
62.430000
63.300000
63.760000
64.240000
64.400000
64.750000
64.700000
65.400000
65.050000
64.660000
62.660000
62.520000
61.740000
63.700000
64.100000
64.960000
64.330000
63.520000
61.030000
62.740000
62.200000
62.130000
63.440000
63.360000
63.650000
63.880000
64.250000
63.350000
61.050000
62.110000
61.010000
60.390000
60.480000
60.090000
61.960000
63.000000
62.580000
63.410000
62.900000
62.690000
62.940000
60.990000
61.210000
62.200000
62.920000
63.620000
62.870000
62.650000
63.440000
61.970000
60.850000
60.540000
60.850000
59.650000
58.660000
60.720000
62.710000
62.770000
62.180000
63.580000
63.570000
64.810000
65.200000
64.880000
64.230000
62.080000
62.060000
61.440000
61.990000
62.900000
64.010000
63.950000
64.880000
63.680000
63.630000
63.770000
64.470000
64.200000
63.470000
64.870000
63.990000
64.480000
63.190000
63.140000
62.530000
61.910000
61.660000
61.510000
61.200000
61.150000
62.000000
61.540000
61.280000
60.910000
61.460000
61.030000
60.990000
59.890000
60.400000
62.420000
64.100000
63.990000
63.930000
64.110000
65.000000
64.790000
64.520000
65.020000
64.850000
67.300000
66.040000
65.050000
64.830000
64.840000
64.930000
64.240000
63.850000
64.080000
64.710000
64.080000
64.440000
65.250000
63.910000
64.100000
64.030000
62.380000
62.500000
64.140000
66.800000
65.550000
65.960000
66.350000
67.100000
67.930000
66.790000
66.450000
66.890000
66.460000
66.960000
66.360000
65.490000
65.510000
65.690000
66.000000
66.050000
66.900000
66.500000
66.790000
66.670000
67.950000
68.820000
69.000000
69.000000
69.010000
69.720000
69.170000
69.860000
70.260000
70.180000
69.970000
69.500000
70.300000
69.150000
69.190000
69.100000
68.410000
67.980000
68.030000
68.740000
69.590000
69.500000
69.310000
68.430000
68.710000
69.250000
69.770000
70.060000
70.150000
70.780000
68.550000
68.650000
68.660000
68.000000
68.730000
68.020000
68.570000
69.100000
68.700000
68.320000
68.520000
69.030000
69.990000
70.170000
70.510000
71.640000
72.070000
73.120000
74.030000
75.120000
75.480000
73.210000
73.200000
73.470000
73.680000
73.400000
73.550000
73.560000
74.260000
73.980000
74.350000
74.400000
74.580000
75.030000
74.930000
75.510000
75.380000
74.250000
75.530000
75.930000
76.600000
78.580000
78.850000
76.670000
77.520000
78.000000
79.580000
79.850000
80.720000
81.160000
82.040000
81.800000
82.700000
82.090000
80.960000
81.250000
80.250000
80.550000
82.290000
81.690000
82.740000
82.080000
83.520000
82.450000
82.590000
82.950000
83.070000
83.940000
84.310000
83.310000
83.070000
85.570000
85.420000
84.730000
85.320000
83.140000
84.610000
86.240000
86.850000
88.320000
89.800000
90.880000
90.580000
89.720000
90.130000
89.280000
87.220000
88.100000
87.670000
86.750000
87.850000
87.310000
87.390000
87.800000
88.370000
90.540000
90.550000
90.670000
89.920000
89.050000
89.790000
90.790000
90.960000
91.090000
92.550000
94.420000
93.800000
95.550000
92.970000
92.550000
92.240000
91.930000
92.430000
92.110000
92.560000
91.710000
91.740000
91.680000
91.750000
91.590000
91.380000
90.530000
90.990000
92.000000
91.960000
92.000000
92.360000
92.300000
92.650000
92.210000
92.100000
91.580000
90.760000
45.320000
45.250000
45.070000
44.990000
45.090000
45.850000
46.010000
46.200000
46.290000
46.410000
46.650000
47.110000
47.310000
46.850000
46.220000
45.690000
45.500000
45.930000
45.760000
45.630000
45.130000
45.250000
45.570000
45.490000
45.570000
45.280000
45.900000
46.340000
46.040000
45.960000
45.860000
45.650000
44.990000
44.390000
44.670000
45.880000
44.810000
44.710000
45.400000
45.970000
46.320000
46.330000
47.570000
47.620000
48.420000
48.610000
48.600000
48.670000
48.340000
48.190000
48.260000
48.690000
48.590000
48.960000
49.480000
49.520000
50.120000
49.890000
50.040000
50.170000
50.380000
50.190000
50.060000
49.630000
49.630000
49.960000
48.080000
48.270000
48.400000
47.750000
46.930000
47.580000
47.360000
47.930000
48.050000
48.260000
47.740000
47.880000
47.540000
47.150000
47.000000
46.920000
44.980000
44.260000
40.730000
37.730000
41.410000
45.050000
45.620000
45.490000
46.310000
45.580000
46.320000
47.340000
47.050000
47.480000
47.620000
46.580000
47.730000
47.190000
45.770000
45.450000
48.400000
50.870000
49.740000
49.670000
49.750000
49.380000
50.170000
50.240000
49.990000
50.840000
50.970000
51.130000
50.320000
50.210000
50.580000
48.140000
46.490000
48.340000
48.020000
48.040000
48.100000
45.220000
45.690000
43.080000
43.550000
42.090000
40.850000
40.240000
41.770000
41.710000
41.590000
41.610000
41.710000
41.710000
41.100000
41.440000
41.720000
41.780000
42.810000
41.530000
40.820000
39.850000
39.970000
40.570000
38.940000
38.040000
38.280000
39.020000
40.720000
41.000000
41.680000
42.090000
42.230000
42.630000
42.000000
41.500000
41.420000
41.720000
42.120000
41.930000
43.550000
44.950000
45.000000
44.040000
44.010000
43.510000
44.640000
44.720000
44.650000
45.380000
45.520000
45.960000
45.500000
45.770000
46.000000
44.340000
44.220000
43.490000
43.290000
43.000000
42.970000
42.680000
41.810000
43.160000
40.100000
40.970000
41.420000
41.220000
41.130000
41.580000
41.230000
41.690000
41.720000
41.400000
41.760000
41.770000
41.770000
41.720000
41.340000
41.510000
41.530000
41.770000
41.820000
41.730000
41.800000
42.490000
42.340000
42.260000
42.500000
42.610000
42.220000
41.760000
42.060000
42.410000
42.560000
43.000000
43.550000
43.920000
43.610000
44.360000
44.590000
44.460000
44.660000
44.280000
42.660000
42.500000
41.400000
41.330000
40.890000
41.000000
40.780000
41.150000
40.880000
40.490000
40.500000
40.760000
40.500000
40.230000
39.690000
39.600000
39.490000
39.750000
39.040000
38.610000
38.830000
38.540000
38.910000
38.770000
38.770000
38.950000
38.740000
38.550000
38.500000
38.420000
38.180000
38.260000
38.270000
38.650000
38.260000
37.840000
37.500000
38.030000
37.860000
37.990000
37.200000
37.570000
37.500000
37.410000
38.000000
38.280000
38.010000
37.700000
37.180000
36.230000
35.890000
35.630000
34.260000
34.720000
35.700000
35.530000
36.610000
37.510000
37.080000
37.420000
36.690000
36.580000
34.370000
33.080000
33.360000
34.760000
35.320000
35.880000
35.960000
36.320000
36.540000
35.800000
35.220000
34.270000
33.050000
32.500000
32.650000
32.690000
33.610000
34.090000
33.830000
33.130000
33.180000
32.890000
32.370000
32.100000
31.620000
31.750000
30.600000
30.000000
30.030000
30.210000
30.600000
30.520000
30.090000
29.430000
28.350000
27.820000
27.670000
27.080000
25.460000
28.660000
29.490000
29.090000
30.650000
31.000000
31.860000
31.720000
31.800000
30.820000
30.030000
30.090000
30.060000
30.000000
29.750000
29.140000
28.980000
28.690000
28.190000
27.830000
26.800000
27.870000
28.470000
29.040000
29.460000
30.500000
30.250000
29.810000
29.880000
29.110000
29.330000
28.570000
27.790000
27.330000
28.180000
28.420000
29.500000
29.660000
28.390000
28.250000
28.880000
28.640000
28.180000
27.870000
27.890000
27.700000
26.580000
25.780000
23.740000
23.570000
25.090000
24.630000
23.120000
22.350000
22.640000
23.610000
23.080000
22.070000
22.470000
24.430000
26.330000
26.300000
25.240000
25.120000
24.870000
25.700000
25.870000
25.720000
24.460000
23.060000
22.480000
21.700000
21.130000
18.990000
20.540000
19.440000
17.880000
16.490000
17.600000
20.490000
20.780000
20.750000
20.510000
21.580000
22.270000
22.440000
22.240000
22.360000
22.340000
21.690000
17.810000
17.190000
17.720000
17.080000
18.530000
19.950000
20.910000
21.620000
21.410000
22.610000
21.790000
22.690000
24.190000
24.390000
24.640000
24.470000
26.020000
27.860000
27.800000
28.520000
25.840000
25.580000
24.980000
24.810000
24.880000
24.250000
25.940000
26.070000
25.800000
24.470000
24.880000
24.230000
23.900000
23.680000
24.220000
24.700000
25.070000
23.750000
23.340000
23.090000
23.810000
23.890000
24.890000
24.830000
26.310000
25.900000
26.200000
25.340000
26.150000
28.300000
29.380000
28.890000
28.960000
28.460000
28.350000
28.370000
28.270000
29.280000
29.160000
27.980000
28.650000
28.260000
28.320000
27.460000
27.380000
27.460000
27.630000
27.150000
28.470000
28.620000
28.210000
28.850000
28.870000
28.680000
28.410000
28.570000
28.090000
27.850000
27.450000
28.460000
28.700000
28.500000
29.160000
29.430000
29.060000
29.030000
27.870000
27.360000
26.960000
27.000000
27.010000
27.220000
27.140000
28.000000
27.910000
28.630000
27.490000
26.630000
27.730000
28.660000
28.750000
28.940000
28.420000
27.970000
27.870000
28.400000
28.050000
28.700000
28.000000
28.130000
27.690000
28.390000
27.560000
28.380000
28.060000
28.460000
28.440000
28.740000
28.660000
28.540000
28.880000
27.730000
27.790000
30.160000
30.150000
29.610000
29.940000
29.730000
28.980000
29.680000
30.000000
30.420000
30.660000
30.770000
31.470000
30.860000
30.480000
30.290000
30.240000
30.020000
30.170000
30.130000
29.910000
29.600000
29.550000
29.740000
30.120000
30.490000
31.040000
30.320000
29.420000
27.840000
27.650000
27.630000
27.800000
28.190000
27.900000
28.480000
29.120000
29.270000
29.160000
27.520000
28.040000
27.840000
28.410000
28.090000
27.520000
27.890000
27.340000
27.130000
27.860000
27.480000
26.900000
26.840000
26.600000
26.590000
26.890000
27.400000
27.680000
27.690000
27.790000
27.220000
26.450000
26.590000
26.370000
25.640000
25.410000
24.970000
24.300000
24.400000
24.090000
24.260000
26.100000
27.000000
27.380000
27.460000
27.490000
26.800000
26.880000
26.190000
24.470000
23.770000
24.010000
23.780000
22.850000
22.660000
23.690000
22.520000
23.180000
22.750000
22.990000
23.110000
23.580000
23.390000
23.130000
23.200000
22.910000
23.060000
23.490000
23.430000
23.650000
23.960000
24.520000
24.590000
24.400000
24.210000
24.000000
24.020000
24.070000
24.410000
24.550000
25.110000
24.520000
23.850000
24.260000
24.170000
24.250000
24.640000
23.940000
23.850000
23.960000
23.970000
24.870000
25.820000
26.160000
26.070000
25.550000
25.520000
26.140000
26.350000
26.520000
26.560000
26.710000
26.170000
25.930000
25.630000
25.860000
26.610000
26.180000
25.810000
25.710000
26.100000
25.520000
25.440000
25.270000
25.230000
25.330000
25.520000
25.570000
25.720000
25.780000
25.660000
24.940000
24.370000
24.200000
24.460000
24.030000
24.260000
24.230000
23.840000
23.590000
23.150000
23.500000
23.740000
24.010000
23.750000
23.750000
24.190000
23.880000
24.420000
24.310000
24.240000
24.260000
24.490000
24.380000
24.120000
23.920000
23.870000
23.800000
23.640000
23.480000
23.530000
23.590000
23.550000
23.710000
24.350000
24.270000
24.030000
23.940000
23.420000
23.690000
23.080000
22.410000
22.710000
22.530000
22.530000
23.320000
22.890000
23.010000
23.210000
23.280000
22.860000
22.920000
23.000000
23.420000
23.660000
23.420000
23.110000
22.810000
22.040000
21.760000
21.950000
21.650000
21.740000
21.780000
21.180000
20.980000
20.850000
20.780000
20.540000
19.760000
19.210000
19.190000
19.350000
18.760000
18.460000
18.810000
19.350000
19.820000
19.610000
20.020000
20.190000
20.390000
20.800000
20.440000
20.330000
20.200000
20.000000
20.030000
20.200000
20.090000
20.450000
20.550000
20.600000
20.790000
20.490000
19.950000
20.000000
20.220000
20.220000
20.300000
20.580000
20.690000
21.090000
21.350000
20.410000
20.170000
19.730000
19.330000
20.030000
19.830000
19.510000
19.630000
18.620000
18.370000
18.500000
18.260000
17.960000
18.350000
18.490000
18.420000
18.560000
18.450000
18.560000
18.700000
19.010000
19.310000
19.170000
18.850000
18.710000
18.550000
18.680000
18.600000
18.820000
18.820000
18.830000
18.770000
18.620000
18.490000
18.300000
18.490000
18.940000
19.140000
18.880000
18.500000
18.290000
18.340000
18.240000
18.140000
18.520000
18.540000
18.340000
18.470000
18.750000
18.630000
18.390000
18.300000
18.150000
17.760000
17.830000
17.540000
17.240000
16.940000
16.395000
16.600000
17.010000
17.300000
17.410000
17.660000
17.460000
17.510000
17.190000
17.340000
16.770000
16.470000
16.540000
16.800000
16.420000
16.760000
16.630000
16.750000
16.710000
16.330000
16.310000
16.360000
16.040000
15.820000
15.710000
16.610000
16.530000
16.850000
16.620000
16.340000
16.620000
16.470000
16.610000
16.720000
17.270000
17.420000
17.500000
17.640000
17.440000
17.470000
17.530000
17.660000
17.910000
18.030000
18.020000
17.920000
18.600000
18.880000
18.820000
18.740000
19.210000
19.230000
19.250000
19.780000
20.010000
20.010000
20.250000
19.830000
20.000000
20.460000
20.530000
20.320000
20.710000
20.650000
20.070000
19.740000
20.040000
20.120000
19.190000
18.770000
19.500000
19.090000
18.340000
18.290000
18.660000
18.950000
19.010000
18.720000
18.550000
18.280000
18.240000
18.990000
19.210000
19.220000
18.840000
18.210000
18.080000
17.990000
18.250000
18.050000
17.810000
17.550000
17.790000
18.000000
17.910000
17.720000
16.610000
16.970000
16.380000
16.550000
16.860000
16.560000
16.160000
16.280000
16.060000
16.090000
16.220000
16.150000
16.520000
16.370000
16.750000
16.540000
16.350000
17.060000
17.140000
17.070000
17.050000
17.820000
18.170000
18.100000
18.090000
18.150000
18.640000
18.000000
18.200000
18.170000
17.940000
18.020000
18.140000
18.060000
17.660000
17.500000
17.750000
18.230000
18.290000
18.540000
18.460000
18.830000
18.800000
18.860000
19.020000
18.980000
19.320000
19.270000
19.250000
18.480000
18.550000
18.470000
19.140000
18.990000
19.200000
19.420000
19.480000
19.270000
19.320000
19.070000
19.470000
19.560000
19.190000
19.140000
18.490000
18.850000
18.790000
18.890000
18.580000
19.380000
18.820000
19.240000
19.020000
18.990000
19.040000
18.700000
19.100000
19.060000
19.110000
19.150000
19.050000
19.000000
19.320000
19.240000
19.320000
19.260000
19.400000
20.060000
20.050000
20.310000
20.480000
20.780000
21.130000
20.430000
20.820000
20.960000
21.210000
24.180000
24.100000
24.070000
23.490000
23.490000
23.280000
22.990000
22.160000
22.330000
22.060000
22.160000
22.930000
23.190000
23.030000
23.220000
23.150000
23.300000
23.120000
22.620000
22.610000
22.480000
22.550000
22.750000
22.790000
22.440000
22.220000
22.640000
22.560000
22.720000
22.440000
22.270000
22.050000
22.300000
22.350000
22.350000
22.560000
22.490000
22.300000
21.890000
21.900000
22.260000
23.080000
22.860000
22.700000
22.350000
22.360000
22.100000
22.230000
21.800000
21.360000
21.610000
21.790000
21.740000
21.770000
21.470000
21.470000
