12.000000
11.940000
11.880000
12.190000
12.060000
11.940000
12.000000
12.250000
12.190000
12.440000
12.630000
13.000000
12.630000
12.810000
13.130000
13.440000
13.060000
13.000000
13.130000
13.130000
13.060000
13.250000
13.630000
14.060000
14.060000
14.060000
14.000000
14.440000
14.440000
14.380000
14.060000
13.750000
13.560000
13.940000
14.190000
14.130000
14.000000
14.000000
14.310000
14.060000
13.880000
14.190000
14.250000
14.250000
13.750000
13.310000
12.560000
13.310000
13.190000
13.060000
13.130000
13.130000
13.380000
13.000000
12.750000
12.810000
12.750000
12.380000
12.690000
13.130000
13.380000
13.130000
13.000000
13.190000
13.060000
13.250000
13.250000
13.310000
13.310000
13.310000
13.440000
13.880000
13.690000
13.500000
13.560000
13.750000
13.250000
13.000000
13.500000
13.560000
13.690000
13.440000
13.310000
13.130000
13.130000
13.560000
13.630000
13.500000
14.060000
14.000000
14.000000
13.440000
13.250000
13.440000
13.380000
13.560000
13.250000
13.440000
13.500000
13.750000
13.810000
14.060000
13.880000
13.810000
13.500000
13.690000
13.250000
13.190000
13.060000
13.250000
13.500000
13.310000
12.940000
13.130000
13.000000
12.060000
12.130000
12.560000
12.440000
12.250000
12.000000
12.380000
12.190000
12.500000
12.560000
12.750000
12.380000
12.250000
12.250000
12.310000
11.880000
11.630000
11.380000
11.750000
12.130000
12.130000
12.250000
11.880000
11.750000
11.750000
11.500000
11.380000
11.500000
11.000000
10.940000
11.500000
11.500000
12.130000
12.630000
12.310000
12.060000
12.380000
12.130000
12.500000
12.310000
12.380000
12.310000
12.380000
12.560000
12.810000
12.380000
12.500000
12.060000
12.190000
12.380000
12.440000
12.560000
12.440000
12.440000
12.500000
12.380000
12.690000
13.190000
13.380000
13.440000
13.880000
13.500000
13.560000
13.500000
13.060000
13.500000
13.880000
13.750000
13.560000
13.560000
13.310000
13.310000
12.940000
13.190000
12.940000
13.250000
13.560000
13.560000
13.810000
13.440000
13.380000
13.380000
13.380000
13.560000
13.750000
13.940000
13.940000
13.750000
13.810000
13.940000
13.810000
13.630000
13.380000
13.380000
13.440000
13.310000
13.500000
13.500000
13.560000
13.560000
13.500000
13.250000
12.940000
12.690000
12.750000
12.560000
12.130000
11.690000
12.250000
11.810000
11.500000
11.380000
11.690000
11.560000
11.750000
12.060000
12.130000
11.880000
12.130000
12.250000
12.130000
11.810000
11.690000
11.690000
11.310000
11.130000
11.750000
11.250000
10.880000
10.560000
11.250000
11.250000
11.130000
11.190000
10.750000
11.380000
11.130000
11.130000
11.440000
11.500000
11.750000
11.810000
11.750000
11.810000
11.380000
11.560000
11.250000
11.000000
11.440000
11.190000
11.060000
11.190000
11.130000
11.190000
10.940000
11.190000
11.500000
11.380000
11.000000
10.500000
11.000000
11.000000
11.190000
11.060000
11.250000
11.560000
11.810000
11.500000
11.500000
11.560000
11.060000
11.380000
11.250000
10.880000
11.310000
11.500000
11.380000
11.380000
11.440000
11.500000
11.250000
12.000000
11.630000
11.560000
11.560000
11.940000
11.880000
11.690000
11.690000
11.690000
11.690000
12.000000
12.250000
12.440000
12.440000
12.380000
12.380000
12.310000
12.200000
12.170000
12.150000
12.270000
11.890000
11.940000
12.080000
11.900000
11.860000
11.800000
11.810000
11.890000
12.070000
12.030000
11.790000
11.760000
11.790000
11.750000
11.850000
11.970000
11.820000
11.940000
11.640000
11.640000
11.710000
12.070000
11.810000
11.730000
11.600000
10.650000
11.010000
10.740000
11.130000
10.880000
11.250000
10.650000
10.580000
10.200000
10.720000
10.830000
10.980000
10.570000
10.550000
10.670000
10.430000
10.110000
10.190000
10.690000
10.190000
10.070000
10.340000
10.320000
10.680000
10.530000
10.320000
10.880000
11.030000
10.760000
10.700000
10.740000
10.890000
10.700000
10.730000
10.740000
10.850000
10.800000
10.590000
10.820000
10.890000
10.850000
10.690000
10.880000
10.970000
10.730000
10.800000
10.910000
11.090000
10.850000
11.150000
11.000000
10.900000
10.990000
10.820000
10.810000
10.600000
10.630000
10.640000
10.640000
10.990000
10.880000
10.890000
10.840000
10.720000
10.660000
10.470000
10.080000
10.170000
10.060000
10.380000
10.160000
10.330000
10.150000
10.040000
10.020000
9.960000
9.960000
10.080000
10.080000
10.020000
9.910000
9.800000
9.870000
9.770000
9.800000
10.050000
9.930000
9.880000
9.820000
9.750000
9.770000
9.720000
9.600000
9.440000
9.810000
9.510000
9.560000
9.550000
9.800000
9.930000
9.860000
9.570000
9.460000
9.460000
9.160000
9.070000
9.190000
9.060000
9.210000
9.130000
9.130000
9.150000
9.150000
9.050000
9.200000
9.160000
9.180000
8.960000
8.940000
9.000000
8.920000
9.040000
8.970000
8.910000
8.410000
8.210000
8.360000
7.600000
7.460000
7.400000
7.100000
7.200000
7.370000
7.370000
7.440000
7.630000
7.930000
7.640000
7.740000
8.090000
8.000000
8.240000
8.000000
8.010000
8.250000
8.300000
7.990000
8.040000
8.000000
8.010000
7.870000
7.850000
7.980000
8.030000
8.180000
8.220000
8.210000
7.810000
7.800000
8.030000
8.190000
8.100000
8.290000
8.180000
8.010000
8.250000
8.400000
8.430000
8.640000
8.680000
8.840000
9.000000
9.110000
8.820000
8.880000
9.000000
8.970000
8.810000
8.510000
8.670000
8.850000
8.680000
9.150000
9.720000
9.340000
9.420000
9.400000
9.270000
9.310000
9.130000
9.310000
9.300000
9.220000
9.370000
9.310000
9.150000
9.090000
9.200000
9.210000
9.260000
9.170000
9.260000
9.350000
9.590000
9.690000
9.620000
9.460000
9.510000
9.370000
9.350000
9.210000
9.010000
9.340000
9.160000
9.140000
9.220000
9.130000
9.140000
9.140000
9.060000
9.100000
9.090000
8.860000
8.600000
8.800000
8.840000
8.790000
8.910000
9.100000
9.040000
9.100000
9.160000
9.060000
8.840000
9.010000
8.940000
9.070000
8.910000
8.640000
8.810000
8.670000
8.820000
8.920000
9.020000
9.240000
9.150000
9.250000
9.300000
9.230000
9.160000
9.260000
9.240000
9.230000
9.290000
9.150000
8.950000
8.940000
9.000000
9.020000
9.180000
9.190000
9.190000
8.950000
8.920000
8.970000
8.950000
8.940000
8.940000
8.930000
8.810000
9.040000
9.040000
9.220000
9.290000
9.430000
9.620000
9.390000
9.660000
9.770000
9.570000
9.600000
9.560000
9.890000
9.940000
10.060000
10.030000
10.040000
10.030000
10.150000
9.790000
9.740000
10.070000
10.040000
10.000000
10.050000
10.170000
10.070000
9.900000
9.990000
9.880000
9.820000
9.700000
9.560000
9.500000
9.510000
9.270000
9.500000
9.600000
9.370000
9.590000
9.670000
9.530000
9.420000
9.290000
9.080000
9.190000
9.120000
8.720000
8.760000
8.680000
8.710000
8.700000
8.650000
8.850000
8.890000
8.710000
8.450000
8.780000
9.340000
8.920000
8.920000
8.690000
8.800000
8.660000
8.830000
8.520000
8.510000
8.450000
8.270000
8.130000
8.490000
8.450000
8.250000
8.000000
8.340000
8.350000
8.370000
8.240000
7.990000
7.740000
7.910000
8.050000
8.250000
7.990000
7.740000
7.800000
7.950000
8.140000
8.150000
8.230000
8.140000
8.190000
8.260000
8.120000
8.100000
7.920000
7.910000
7.810000
7.820000
7.670000
7.880000
7.800000
7.880000
7.690000
7.800000
7.810000
7.760000
7.690000
7.590000
7.580000
7.530000
7.280000
7.400000
7.350000
7.150000
7.310000
7.280000
7.230000
7.130000
7.480000
7.170000
7.090000
6.930000
6.890000
7.000000
6.910000
6.960000
7.240000
7.230000
7.650000
7.390000
7.650000
7.520000
7.610000
7.560000
7.640000
7.610000
7.790000
7.800000
7.760000
7.800000
7.610000
7.700000
7.860000
7.810000
7.880000
7.750000
7.790000
7.670000
7.720000
7.740000
7.970000
8.120000
7.960000
7.940000
8.120000
8.070000
8.090000
8.060000
7.960000
8.130000
8.010000
8.120000
8.100000
7.970000
8.010000
7.900000
7.700000
7.960000
7.710000
7.740000
7.800000
7.830000
7.800000
7.560000
7.540000
7.620000
7.470000
7.500000
7.550000
7.250000
7.310000
7.430000
7.560000
7.600000
7.630000
7.530000
7.540000
7.660000
7.620000
7.700000
7.740000
7.710000
7.620000
7.670000
7.430000
7.470000
7.640000
7.440000
7.430000
7.460000
7.460000
7.370000
7.480000
7.540000
7.270000
7.270000
7.300000
7.240000
7.270000
7.240000
7.380000
7.300000
7.490000
7.570000
7.590000
7.460000
7.480000
7.310000
7.220000
7.220000
7.330000
7.340000
7.430000
7.370000
7.370000
7.150000
7.190000
6.970000
7.100000
7.000000
7.110000
7.130000
7.310000
7.200000
7.400000
7.470000
7.550000
7.290000
7.380000
7.220000
7.030000
7.130000
6.830000
6.860000
6.980000
6.920000
7.050000
7.120000
7.050000
6.780000
6.740000
6.790000
6.770000
6.790000
6.690000
6.760000
6.700000
6.850000
6.740000
6.630000
6.570000
6.800000
7.020000
6.930000
6.950000
7.140000
7.130000
7.120000
7.110000
7.070000
7.260000
7.380000
7.330000
7.270000
7.330000
7.290000
7.180000
7.240000
7.270000
7.320000
7.490000
7.700000
7.590000
7.510000
7.610000
7.650000
7.680000
7.790000
7.690000
7.720000
7.670000
7.830000
7.910000
7.820000
7.820000
7.950000
7.930000
7.880000
7.790000
7.840000
7.620000
7.600000
7.580000
7.720000
7.690000
7.650000
7.740000
7.720000
7.650000
7.980000
7.990000
8.000000
7.880000
7.940000
8.100000
7.990000
7.990000
7.890000
8.170000
7.970000
8.040000
7.890000
7.890000
8.000000
8.040000
8.080000
8.060000
8.150000
8.110000
8.150000
8.010000
7.910000
7.950000
7.970000
8.040000
8.220000
8.300000
8.390000
8.390000
8.570000
8.530000
8.580000
8.840000
8.860000
8.940000
8.980000
8.960000
8.950000
9.060000
9.330000
9.420000
9.480000
9.320000
9.420000
9.190000
8.910000
9.100000
9.150000
9.200000
9.370000
9.350000
9.400000
9.090000
9.090000
9.290000
9.590000
9.520000
9.620000
9.490000
9.470000
9.750000
10.020000
10.180000
10.190000
10.110000
9.920000
10.020000
10.050000
10.150000
10.030000
10.110000
10.150000
10.020000
10.230000
10.300000
10.080000
9.880000
9.790000
9.850000
10.170000
10.130000
10.040000
10.050000
10.170000
10.170000
10.180000
10.080000
10.000000
9.930000
9.820000
9.810000
9.890000
9.880000
9.630000
9.570000
9.610000
9.420000
9.470000
9.590000
9.640000
9.760000
9.940000
10.190000
10.120000
10.130000
10.090000
9.850000
9.920000
9.900000
9.970000
10.310000
10.280000
10.080000
10.000000
9.910000
9.950000
9.880000
9.940000
9.900000
9.860000
9.900000
9.940000
9.920000
10.000000
10.210000
10.540000
10.540000
10.560000
10.480000
10.530000
10.820000
10.710000
10.920000
10.870000
10.790000
11.100000
11.420000
11.440000
11.390000
11.580000
11.370000
10.920000
10.800000
10.890000
10.610000
10.720000
10.710000
10.810000
11.090000
11.320000
11.320000
11.370000
11.300000
11.270000
11.430000
11.340000
11.280000
11.270000
11.100000
11.150000
11.050000
11.130000
11.290000
11.320000
11.070000
10.970000
11.080000
11.060000
10.920000
10.780000
10.560000
10.340000
10.630000
10.300000
10.500000
10.690000
10.550000
10.410000
10.170000
10.350000
10.450000
10.560000
10.400000
10.430000
10.600000
10.600000
10.640000
10.760000
10.940000
10.890000
10.860000
10.850000
10.920000
10.830000
10.560000
10.470000
10.480000
10.470000
10.260000
10.240000
10.340000
10.400000
10.050000
10.140000
9.870000
9.870000
9.810000
9.970000
10.090000
9.980000
9.900000
9.560000
9.300000
9.550000
9.470000
9.460000
9.200000
8.940000
9.070000
9.340000
9.300000
9.610000
9.670000
9.850000
9.910000
10.030000
10.060000
9.900000
9.980000
9.750000
9.830000
10.290000
10.170000
9.940000
10.180000
9.840000
9.970000
9.950000
9.880000
9.790000
9.620000
9.690000
9.680000
9.910000
9.870000
9.890000
9.900000
10.130000
10.030000
10.030000
10.100000
10.300000
10.070000
10.250000
10.140000
10.020000
9.830000
9.850000
9.980000
10.070000
10.100000
10.060000
10.300000
10.160000
10.190000
10.300000
10.230000
10.180000
10.140000
10.180000
10.100000
10.120000
10.200000
10.220000
10.350000
10.470000
10.270000
10.260000
10.270000
10.280000
10.260000
10.350000
10.330000
10.490000
10.540000
10.700000
10.930000
10.870000
10.890000
10.800000
10.940000
11.070000
11.140000
11.030000
11.270000
11.180000
11.160000
11.160000
11.270000
11.330000
11.170000
11.410000
11.400000
11.320000
11.430000
11.230000
11.220000
11.030000
10.960000
11.050000
11.040000
11.120000
11.300000
11.420000
11.400000
11.310000
11.220000
11.170000
11.240000
11.210000
11.000000
10.870000
11.050000
11.070000
11.070000
10.930000
11.020000
10.920000
10.800000
10.890000
10.990000
10.900000
11.130000
11.060000
11.270000
11.390000
11.490000
11.520000
11.510000
11.530000
11.650000
11.640000
11.780000
11.800000
11.690000
11.820000
11.810000
11.650000
11.780000
11.980000
12.050000
12.060000
12.160000
12.060000
12.280000
12.290000
12.260000
12.220000
12.130000
12.090000
12.150000
11.950000
12.030000
12.120000
12.180000
12.050000
12.110000
12.290000
12.280000
12.200000
12.030000
11.950000
12.130000
12.110000
12.060000
12.090000
12.000000
11.710000
11.450000
11.560000
11.440000
11.530000
11.400000
11.510000
11.490000
11.460000
11.550000
11.440000
11.320000
11.220000
11.160000
11.360000
11.530000
11.420000
11.410000
11.520000
11.520000
11.490000
11.420000
11.620000
11.620000
11.700000
11.680000
11.660000
11.760000
11.750000
11.770000
11.730000
11.580000
11.720000
11.710000
11.700000
11.850000
12.030000
11.910000
12.010000
11.750000
11.790000
11.760000
11.730000
11.770000
11.780000
11.760000
11.770000
11.740000
11.570000
11.590000
11.700000
11.770000
11.760000
11.600000
11.520000
11.520000
11.530000
11.390000
11.590000
11.510000
11.440000
11.600000
11.670000
11.630000
11.720000
11.660000
11.670000
11.740000
11.720000
11.700000
11.560000
11.500000
11.620000
11.430000
11.780000
11.690000
11.810000
11.880000
11.910000
11.850000
12.050000
12.120000
11.960000
12.170000
12.180000
12.150000
12.210000
12.050000
12.080000
11.970000
11.950000
12.050000
11.990000
12.000000
11.910000
11.910000
11.930000
11.920000
11.820000
11.860000
11.970000
12.050000
12.050000
12.050000
11.940000
12.010000
12.030000
12.040000
12.120000
12.080000
12.110000
12.140000
12.070000
12.040000
12.290000
12.200000
12.190000
12.350000
12.280000
12.320000
12.400000
12.480000
12.460000
12.420000
12.400000
12.470000
12.340000
12.360000
12.430000
12.540000
12.510000
12.660000
12.800000
12.840000
12.950000
12.970000
13.030000
13.220000
13.220000
13.100000
13.060000
13.240000
13.240000
13.180000
13.280000
13.430000
13.470000
13.330000
13.130000
13.270000
13.260000
13.350000
13.440000
13.340000
13.410000
13.310000
13.470000
13.180000
13.180000
13.200000
12.960000
12.780000
12.950000
12.950000
12.950000
12.960000
13.060000
13.240000
13.360000
13.350000
13.320000
13.260000
13.350000
13.330000
13.240000
13.250000
13.230000
13.230000
13.070000
13.210000
13.210000
13.230000
13.150000
13.270000
13.270000
13.240000
13.620000
13.580000
13.450000
13.460000
13.050000
12.820000
13.050000
13.010000
13.010000
12.730000
12.810000
12.850000
12.750000
12.710000
12.700000
12.400000
12.620000
12.680000
12.580000
12.560000
12.320000
12.490000
12.630000
12.750000
12.840000
12.800000
12.720000
12.540000
12.540000
12.620000
12.680000
12.790000
12.600000
12.610000
12.640000
12.780000
12.850000
12.840000
12.820000
13.050000
13.010000
13.010000
12.990000
12.880000
13.030000
13.020000
12.950000
12.950000
12.950000
12.880000
12.920000
12.980000
12.980000
12.990000
13.050000
12.990000
13.070000
13.120000
13.150000
13.170000
12.880000
12.820000
12.820000
12.760000
12.620000
12.790000
12.990000
12.920000
13.080000
13.280000
13.270000
13.320000
13.230000
13.360000
13.160000
13.070000
13.330000
13.040000
13.100000
13.210000
13.170000
13.210000
13.500000
13.480000
13.410000
13.330000
13.130000
13.040000
13.090000
13.050000
13.130000
13.100000
13.040000
12.830000
13.160000
13.080000
13.130000
13.050000
13.180000
13.160000
13.320000
13.390000
13.470000
13.230000
13.440000
13.450000
13.360000
13.260000
13.050000
13.130000
13.050000
13.180000
13.210000
13.330000
13.400000
13.390000
13.430000
13.470000
13.430000
13.380000
13.470000
13.480000
13.550000
13.450000
13.570000
13.610000
13.490000
13.740000
13.800000
13.860000
13.990000
13.960000
14.100000
13.970000
13.970000
14.000000
14.030000
14.390000
14.330000
14.410000
14.450000
14.300000
14.110000
14.250000
14.190000
14.310000
14.240000
14.500000
14.570000
14.630000
14.670000
14.760000
14.630000
14.450000
14.340000
14.070000
13.930000
13.960000
13.850000
13.670000
13.820000
13.450000
13.330000
13.430000
13.530000
13.600000
13.250000
13.400000
13.500000
13.510000
13.340000
13.310000
13.290000
13.080000
13.050000
12.800000
12.410000
12.780000
13.050000
13.030000
12.960000
12.880000
13.040000
13.030000
13.120000
13.110000
12.870000
13.000000
13.450000
13.520000
13.610000
13.450000
13.570000
13.430000
13.500000
13.440000
13.310000
13.200000
13.110000
13.090000
13.200000
13.540000
13.320000
13.250000
13.590000
13.580000
13.570000
13.630000
13.940000
13.730000
13.610000
13.900000
13.810000
13.620000
13.630000
13.580000
13.770000
13.800000
13.780000
13.910000
14.070000
14.250000
14.260000
14.240000
14.050000
14.020000
13.850000
13.850000
13.830000
13.790000
13.870000
14.020000
14.180000
14.350000
14.320000
14.120000
14.000000
14.170000
14.040000
14.300000
14.270000
14.180000
14.340000
14.480000
14.430000
14.700000
14.470000
14.400000
14.490000
14.310000
14.360000
14.330000
14.120000
14.280000
14.330000
14.550000
14.650000
14.550000
14.510000
14.530000
14.450000
14.650000
14.600000
14.620000
14.460000
14.470000
14.550000
14.560000
14.630000
14.660000
14.650000
14.760000
14.610000
14.580000
14.630000
14.660000
14.789900
14.830000
15.120000
15.090000
15.050000
14.950000
15.020000
15.030000
15.110000
15.220000
15.260000
15.390000
15.260000
15.350000
15.570000
15.500000
15.340000
15.150000
15.320000
15.430000
15.210000
15.570000
15.740000
15.720000
15.530000
15.620000
15.700000
15.620000
15.530000
15.900000
16.050000
15.950000
15.950000
15.670000
15.570000
15.570000
15.820000
15.900000
15.980000
16.000000
16.160000
15.990000
15.870000
16.270000
16.230000
16.080000
16.120000
16.280000
16.480000
16.590000
16.550000
16.840000
16.940000
17.060000
16.920000
16.330000
16.400000
16.420000
16.640000
16.390000
16.700000
16.700000
16.720000
16.950000
16.880000
16.990000
16.790000
16.850000
16.660000
16.790000
16.820000
16.820000
16.870000
16.810000
16.830000
16.690000
16.690000
15.460000
15.710000
15.470000
15.310000
14.820000
15.460000
15.380000
15.570000
15.840000
15.850000
15.350000
15.580000
15.520000
15.370000
15.750000
15.800000
16.180000
16.120000
16.080000
16.230000
16.030000
15.930000
16.120000
16.060000
16.270000
16.590000
16.620000
16.650000
16.740000
16.800000
16.670000
16.840000
16.700000
16.890000
16.740000
16.670000
16.440000
16.620000
16.610000
16.580000
16.730000
16.740000
16.580000
16.320000
16.390000
16.730000
17.000000
17.080000
17.050000
16.880000
17.130000
16.700000
17.330000
17.050000
17.010000
17.180000
17.200000
17.150000
17.050000
16.930000
16.790000
16.570000
16.750000
16.610000
16.750000
16.830000
16.820000
16.910000
16.810000
16.680000
16.380000
16.750000
16.720000
16.400000
16.750000
16.840000
16.980000
17.020000
17.010000
17.110000
17.190000
16.970000
16.940000
16.820000
17.120000
17.160000
17.020000
17.280000
17.390000
17.500000
17.910000
18.170000
17.770000
17.940000
18.250000
18.220000
18.030000
18.050000
18.040000
18.150000
18.160000
18.450000
18.120000
18.440000
17.640000
17.560000
18.100000
17.940000
17.820000
17.790000
17.030000
17.540000
17.480000
17.960000
17.160000
17.320000
17.210000
17.060000
16.440000
16.340000
16.960000
16.700000
16.920000
17.770000
17.680000
18.080000
18.180000
17.450000
18.060000
17.900000
18.440000
18.760000
18.570000
18.810000
18.430000
18.970000
19.260000
19.590000
19.930000
20.090000
19.600000
20.400000
20.460000
20.260000
20.590000
20.790000
20.780000
20.980000
21.230000
21.030000
21.420000
21.730000
20.730000
20.740000
21.720000
21.210000
22.010000
21.900000
21.710000
22.150000
21.750000
21.160000
22.170000
21.950000
21.230000
21.480000
22.020000
21.890000
22.300000
23.320000
24.100000
23.580000
23.930000
22.940000
22.960000
21.580000
22.750000
22.010000
22.000000
21.730000
21.140000
22.500000
22.600000
21.700000
21.500000
20.860000
21.260000
20.260000
20.820000
20.420000
21.160000
22.300000
22.380000
22.660000
22.500000
22.670000
23.660000
23.890000
22.730000
22.760000
22.160000
22.510000
22.200000
21.710000
20.680000
21.280000
21.510000
21.650000
22.480000
22.250000
22.290000
21.510000
21.520000
21.930000
21.790000
21.790000
21.430000
22.010000
21.450000
22.180000
22.320000
21.500000
21.590000
20.540100
19.900000
19.270000
19.950000
19.600000
19.820000
19.800000
20.050000
20.210000
20.110000
19.590000
20.000000
20.100000
19.850000
18.880100
18.570000
18.880000
18.790000
18.790000
18.920000
19.150000
18.790000
19.200000
19.070000
19.060000
18.400000
18.510000
18.639900
18.950000
19.240000
19.050000
18.460100
18.608000
18.210000
18.450000
17.820000
17.470000
17.330000
18.600100
18.050000
17.740000
17.070100
16.840000
17.620000
16.810000
17.152700
17.400000
17.770000
17.680000
17.840000
18.020000
17.950000
18.700000
18.460000
18.930000
18.830000
18.770000
18.710000
18.230000
18.400000
18.140000
18.140000
18.320000
18.600000
18.450000
18.730000
18.859900
18.840000
19.360000
19.410000
19.430000
19.200000
19.280000
19.450000
19.800000
20.040000
19.940000
20.100000
19.290100
19.560000
19.210000
19.400000
19.500000
19.540000
19.930000
19.800000
19.560000
19.050000
18.940000
19.020000
18.860000
19.130000
19.140000
19.290000
19.410000
19.110000
18.920000
19.000000
19.470000
18.670000
18.630000
18.400000
18.120000
18.200000
18.190000
18.230000
18.060000
18.060000
18.090000
17.630000
17.680000
17.660000
17.570000
16.930000
16.880000
16.940000
16.840000
16.270000
16.330000
16.540000
16.750000
16.240000
16.420000
16.440000
16.270000
15.830000
16.450000
16.540000
16.570000
16.760000
16.990000
17.230000
16.750000
17.020000
16.620000
16.980000
17.170000
16.700000
16.730000
16.460000
16.630000
16.630000
16.030000
16.420000
16.420000
16.280000
16.200000
16.370000
16.200000
15.730000
15.250000
15.800000
15.560000
15.770000
15.550000
15.780000
16.020000
16.030000
15.860000
15.730000
15.600000
14.950000
15.070000
15.370000
14.860000
14.990000
15.080000
15.070000
14.160000
14.660000
13.540000
14.500000
14.770000
14.020000
13.730000
13.750000
14.120000
13.910000
12.410000
13.210000
13.360000
12.580000
12.360000
11.840000
11.300000
11.480000
10.580000
10.550000
12.250000
11.870000
10.410000
11.170000
10.810000
11.440000
10.760000
10.030000
10.230000
9.600000
8.710000
10.190000
9.850000
10.680000
10.420000
10.480000
11.160000
10.500000
10.010000
11.010000
10.750000
10.060000
9.690000
10.510000
9.560000
9.590000
9.430000
8.890000
8.510000
9.490000
9.680000
9.600000
10.340000
10.280000
9.450000
10.090000
10.020000
9.490000
10.040000
10.750000
10.510000
10.940000
10.830000
10.990000
10.850000
11.360000
11.010000
10.830000
10.800000
10.590000
10.000000
10.190000
10.250000
10.190000
10.270000
10.370000
10.790000
10.770000
10.990000
10.720000
10.750000
10.430000
10.240000
10.150000
9.900000
9.850000
9.970000
9.470000
9.950000
9.580000
9.860000
9.910000
10.050000
10.380000
9.810000
10.020000
10.020000
9.860000
9.830000
9.820000
10.220000
10.190000
9.680000
9.850000
9.770000
9.740000
9.420000
9.630000
9.670000
9.560000
9.500000
9.920000
9.790000
9.560000
9.620000
9.100000
9.150000
9.560000
9.200000
9.030000
8.780000
9.200000
9.240000
9.460000
9.550000
9.670000
9.960000
10.010000
9.930000
9.790000
10.650000
10.480000
10.480000
10.670000
10.460000
10.120000
10.170000
10.380000
10.960000
11.130000
11.190000
10.930000
11.060000
11.390000
11.530000
11.450000
11.640000
11.760000
11.780000
11.410000
11.610000
11.500000
11.620000
11.810000
11.480000
11.200000
11.620000
11.870000
11.980000
12.780000
12.610000
13.050000
12.800000
13.130000
12.630000
12.620000
12.510000
12.490000
12.520000
13.170000
13.130000
13.010000
12.760000
12.800000
13.450000
13.580000
13.720000
14.180000
14.590000
14.370000
14.250000
14.460000
14.600000
14.340000
14.040000
14.260000
14.320000
14.190000
13.820000
13.340000
13.360000
13.420000
13.470000
13.270000
13.080000
13.450000
13.830000
14.010000
14.090000
13.740000
13.830000
13.340000
13.510000
13.210000
13.070000
13.290000
13.250000
13.220000
13.420000
14.050000
14.020000
14.240000
14.730000
14.760000
14.720000
15.270000
15.100000
15.240000
15.290000
14.960000
15.340000
15.340000
15.820000
15.530000
15.150000
15.160000
15.100000
15.080000
15.000000
15.120000
15.160000
15.060000
14.560000
14.880000
14.830000
15.050000
15.190000
15.170000
15.130000
15.050000
15.000000
14.880000
14.420000
14.200000
14.200000
14.440000
14.880000
15.190000
15.290000
15.470000
15.450000
15.380000
15.380000
15.660000
15.640000
15.550000
15.420000
15.740000
15.500000
15.170000
15.220000
15.370000
15.430000
15.520000
15.100000
14.980000
15.150000
15.290000
15.420000
15.670000
15.740000
15.660000
15.670000
15.990000
15.990000
15.730000
16.060000
16.290000
16.330000
16.380000
16.200000
16.090000
15.930000
15.520000
15.810000
15.530000
15.600000
15.630000
15.720000
15.850000
15.810000
16.230000
16.080000
16.070000
15.980000
16.080000
16.320000
16.220000
16.030000
15.910000
15.860000
16.040000
15.900000
16.070000
15.690000
15.860000
16.180000
16.210000
16.260000
16.360000
16.240000
16.090000
16.140000
16.120000
16.170000
16.170000
16.040000
16.000000
15.640000
15.540000
15.540000
15.300000
15.480000
15.570000
15.510000
15.600000
15.720000
15.660000
16.060000
16.210000
16.260000
16.260000
16.270000
16.290000
16.120000
16.020000
15.920000
15.710000
15.910000
15.540000
15.080000
14.850000
15.040000
14.900000
14.830000
14.680000
14.630000
15.010000
15.190000
15.130000
14.630000
14.570000
14.520000
14.890000
14.890000
15.160000
15.000000
15.260000
15.290000
15.250000
15.150000
15.160000
15.110000
15.360000
15.320000
15.430000
15.600000
15.770000
15.720000
15.660000
15.900000
16.080000
16.070000
16.120000
16.130000
16.060000
16.120000
16.200000
16.350000
16.280000
16.250000
16.180000
16.250000
16.150000
16.000000
16.260000
16.430000
16.510000
16.290000
16.560000
16.630000
16.670000
16.570000
16.590000
16.770000
16.680000
16.720000
16.890000
16.780000
16.330000
16.290000
16.350000
16.280000
16.240000
16.210000
16.230000
15.800000
15.880000
15.950000
15.660000
15.760000
15.270000
15.210000
14.710000
14.825000
15.350000
15.190000
15.250000
15.180000
14.940000
14.900000
14.750000
14.750000
14.320000
14.600000
14.630000
14.610000
14.320000
14.940000
14.780000
14.560000
14.860000
14.870000
14.500000
14.460000
14.720000
14.790000
14.990000
15.090000
15.100000
15.370000
15.380000
15.370000
15.400000
15.610000
15.530000
15.360000
15.310000
15.420000
15.390000
14.910000
14.770000
14.800000
14.880000
15.000000
15.190000
15.210000
15.380000
15.420000
15.460000
15.470000
15.360000
15.150000
15.190000
15.420000
15.260000
15.620000
15.830000
15.930000
15.870000
15.730000
15.870000
15.940000
16.300000
16.290000
16.320000
16.350000
16.440000
16.640000
16.500000
16.260000
16.240000
16.250000
16.170000
16.180000
16.190000
16.140000
16.160000
16.080000
15.990000
16.050000
16.000000
16.140000
16.000000
15.990000
16.360000
16.410000
16.430000
16.580000
16.680000
16.820000
16.870000
17.090000
17.150000
17.230000
17.210000
17.320000
17.630000
17.570000
17.700000
17.610000
17.960000
18.030000
17.920000
17.990000
18.140000
18.320000
18.400000
18.520000
18.550000
18.550000
18.820000
19.020000
18.940000
19.160000
19.080000
19.070000
19.140000
18.890000
19.180000
18.960000
18.980000
19.170000
18.970000
18.730000
18.680000
18.730000
19.050000
19.260000
19.610000
20.120000
20.180000
20.230000
19.870000
20.100000
19.970000
19.710000
19.630000
19.240000
19.200000
19.550000
19.225000
18.990000
18.610000
18.920000
18.640000
18.940000
18.890000
19.430000
19.520000
19.390000
19.220000
19.350000
19.200000
19.160000
19.210000
19.330000
19.310000
18.920000
18.770000
18.820000
18.780000
18.920000
18.980000
18.830000
18.830000
18.740000
18.960000
19.060000
18.920000
19.360000
19.760000
19.960000
19.880000
19.800000
19.610000
19.890000
19.970000
19.850000
19.930000
19.940000
19.850000
19.740000
19.620000
19.617500
19.550000
19.590000
19.570000
19.160000
19.190000
19.450000
19.500000
19.490000
19.600000
19.470000
19.160000
18.700000
18.460000
18.680000
18.610000
18.620000
18.750000
18.680000
18.760000
18.220000
18.250000
18.150000
18.540000
18.670000
18.600000
18.600000
18.730000
18.750000
18.540000
19.020000
19.100000
18.730000
18.700000
18.640000
18.230000
17.770000
17.740000
17.880000
18.230000
18.230000
18.450000
18.522500
18.510000
18.360000
18.520000
18.900000
18.930000
19.080000
19.450000
19.470000
19.590000
19.510000
19.590000
19.340000
19.160000
19.330000
19.480000
19.560000
19.380000
19.350000
19.420000
19.530000
19.350000
19.360000
19.270000
19.320000
19.360000
19.410000
19.130000
18.970000
18.880000
19.030000
19.160000
19.350000
18.990000
19.110000
19.080000
19.010000
19.000000
19.170000
19.300000
19.110000
18.750000
18.760000
18.840000
18.870000
18.970000
19.450000
19.230000
19.360000
19.055000
18.900000
18.920000
18.770000
18.920000
18.480000
18.500000
18.670000
18.330000
18.200000
18.200000
17.970000
18.180000
17.850000
17.890000
17.940000
18.100000
18.160000
18.250000
18.520000
18.681000
18.680000
18.580000
18.670000
18.600000
18.210000
18.060000
18.160000
18.090000
18.090000
18.000000
18.170000
18.250000
18.435000
18.550000
18.540000
18.610000
18.490000
18.700000
18.790000
18.910000
18.600000
18.540000
17.830000
17.300000
16.440000
17.080000
16.290000
16.850000
16.940000
17.280000
17.140000
17.230000
16.800000
16.520000
16.520000
17.050000
17.100000
16.910000
17.000000
17.320000
17.370000
17.650000
17.510000
17.090000
17.150000
17.420000
17.120000
16.710000
16.580000
16.650000
16.430000
16.660000
16.620000
16.150000
16.090000
15.570000
14.950000
15.300000
15.220000
15.550000
14.870000
15.040000
14.330000
13.930000
13.860000
14.270000
14.680000
14.890000
15.490000
15.560000
15.990000
15.880000
16.050000
15.630000
15.620000
15.400000
15.260000
15.710000
16.100000
15.820000
16.110000
16.770000
16.860000
16.190000
16.350000
16.750000
16.740000
16.480000
16.750000
16.870000
15.980000
16.080000
16.150000
15.960000
16.110000
15.640000
15.370000
15.470000
15.090000
15.220000
15.010000
15.010000
15.420000
15.360000
15.990000
15.960000
15.790000
15.980000
15.810000
15.870000
15.570000
15.730000
15.320000
15.280000
15.210000
15.100000
15.260000
15.010000
15.340000
15.250000
15.410000
15.470000
15.390000
15.300000
15.430000
15.470000
15.820000
15.720000
15.710000
15.550000
15.600000
15.810000
15.760000
15.850000
15.730000
15.970000
16.230000
16.610000
16.800000
16.880000
16.970000
17.050000
17.050000
17.120000
16.870000
16.900000
17.010000
17.010000
17.220000
17.120000
17.090000
17.350000
17.360000
17.200000
17.290000
17.470000
17.730000
17.895000
17.960000
17.960000
17.970000
17.900000
18.010000
17.960000
18.190000
18.245000
18.300000
18.230000
17.990000
17.460000
17.610000
17.860000
17.860000
17.850000
18.280000
18.100000
18.130000
18.180000
18.060000
17.800000
17.690000
17.580000
17.540000
17.850000
17.920000
17.750000
17.380000
17.445000
17.620000
17.620000
17.400000
17.560000
17.380000
17.079500
17.150000
17.540000
17.380000
17.340000
17.500000
17.560000
17.565000
17.630000
17.340000
17.400000
17.510000
17.580000
17.510000
17.550000
17.700000
17.810000
17.750000
17.550000
17.400000
17.250000
17.040000
16.900000
16.800000
16.480000
16.450000
16.200000
15.920000
15.890000
16.250000
16.100000
15.930000
15.810000
15.770000
16.190000
15.940000
15.920000
15.610000
15.580000
15.720000
16.070000
16.230000
15.940000
15.950000
16.290000
16.170000
16.170000
16.370000
16.420000
16.590000
16.610000
15.810000
15.930000
15.705000
15.810000
16.020000
15.960000
16.400000
16.450000
16.670000
16.720000
16.670000
16.590000
16.430000
16.600000
16.350000
16.515000
16.450000
16.750000
16.710000
16.810000
16.630000
16.340000
16.330000
16.270000
16.420000
16.720000
16.770000
16.750000
16.740000
16.680000
16.980000
17.050000
17.180000
17.190000
17.280000
17.120000
17.080000
17.150000
17.120000
17.110000
17.190000
17.240000
17.200000
17.080000
17.060000
17.090000
17.030000
17.090000
17.090000
16.800000
16.990000
16.810000
16.720000
16.970000
17.390000
17.360000
17.530000
17.690000
17.950000
18.220000
18.120000
18.190000
18.280000
18.110000
18.050000
18.120000
17.900000
17.865000
18.205000
18.200000
18.340000
18.320000
18.390000
18.400000
18.450000
18.330000
18.260000
18.210000
18.150000
18.080000
18.220000
18.460000
18.530000
18.485500
18.230000
18.480000
18.340000
18.720000
18.900000
18.630000
18.500000
18.900000
18.860000
19.000000
19.210000
18.810000
18.520000
18.530000
18.655000
18.500000
18.370000
18.430000
18.450000
18.750000
18.645000
18.780000
19.160000
19.140000
19.010000
19.120000
19.160000
19.110000
18.980000
18.890000
19.180000
19.250000
19.275000
19.260000
19.340000
19.360000
19.230000
19.410000
19.335000
19.190000
19.140000
19.270000
19.130000
19.130000
19.210000
19.230000
19.190000
19.420000
19.869900
19.590000
19.720000
19.760000
19.650000
19.910000
20.040000
19.930000
19.900000
19.910000
19.980000
20.080000
20.120000
20.170000
20.140000
20.290000
20.310000
20.190000
20.350000
20.340000
20.290000
20.330000
19.990000
19.930000
20.030000
19.900000
20.120000
20.170000
20.210000
20.240000
20.200000
20.220000
20.150000
20.020000
19.790000
19.620000
19.590000
19.630000
20.010000
20.120000
20.120000
19.920000
19.960000
19.990000
20.130000
20.290000
20.245000
20.060000
19.840000
19.830000
19.580000
19.340000
19.320000
19.505000
19.440000
19.540000
19.390000
19.710000
19.770000
19.840000
19.660000
19.980000
19.800000
19.830000
19.460000
19.430000
19.460000
19.730000
19.730000
19.710000
19.300000
19.490000
19.355000
19.370000
19.740000
19.900000
19.860000
20.030000
20.310000
20.270000
20.390000
20.460000
20.240000
20.310000
20.490000
20.590000
20.770000
20.790000
20.680000
20.780000
20.630000
20.610000
20.720000
20.650000
20.800000
20.990000
21.000000
20.780000
20.400000
20.260000
20.490000
20.090000
19.920000
19.700000
19.900000
19.790000
19.190000
19.260000
19.200000
19.050000
18.760000
18.790000
19.130000
18.930000
19.300000
19.490000
19.090000
18.280000
18.310000
18.030000
18.360000
18.650000
18.310000
18.325000
18.280000
18.300000
18.150000
18.260000
18.200000
18.420000
18.460000
19.089000
18.820000
18.820000
18.830000
18.740000
18.670000
18.720000
18.880000
19.160000
19.230000
19.260000
19.270000
19.140000
19.190000
19.140000
19.520000
19.630000
19.510000
19.270000
19.010000
19.300000
19.260000
19.540000
19.740000
19.750000
19.520000
19.530000
19.330000
19.080000
18.740000
18.970000
18.950000
18.870000
18.640000
18.600000
18.700000
18.810000
19.250000
19.400000
19.570000
19.600000
19.750000
19.725000
19.760000
19.500000
19.620000
19.850000
19.840000
20.380000
20.480000
20.281000
20.300000
20.170000
20.110000
20.180000
20.230000
20.030000
20.230000
20.350000
20.280000
20.420000
20.150000
20.120000
20.140000
20.430000
20.540000
20.590000
20.410000
20.470000
20.445000
20.730000
20.730000
20.670000
20.440000
20.280000
20.310000
20.230000
20.210000
20.390000
20.365000
20.540000
20.500000
20.180000
20.230000
19.930000
20.030000
20.120000
19.940000
19.950000
20.020000
20.370000
20.730000
20.540000
20.480000
20.580000
20.640000
20.420000
20.580000
20.790000
20.750000
20.630000
20.680000
20.660000
20.580000
20.720000
20.660000
20.630000
20.190000
20.240000
20.360000
20.400000
20.370000
20.470000
20.100000
20.100000
20.210000
20.450000
20.340000
20.420000
20.470000
20.600000
20.380000
20.100000
20.130000
20.290000
20.400000
20.280000
20.440000
20.140000
20.380000
20.280000
20.300000
20.610000
20.460000
20.410000
19.880000
19.460000
19.390000
19.450000
19.100000
19.180000
19.120000
18.790000
19.070000
18.770000
19.110000
19.180000
19.000000
19.470000
19.700000
19.720000
19.780000
19.790000
19.780000
19.780000
19.860000
19.770000
19.760000
19.820000
20.130000
20.180000
20.010000
20.250000
20.210000
20.320000
20.040000
19.920000
19.840000
19.760000
19.380000
19.280000
19.460000
19.580000
19.410000
19.170000
19.360000
19.340000
19.560000
19.490000
19.510000
19.750000
19.780000
20.250000
20.480000
20.500000
20.460000
20.320000
20.440000
20.660000
20.890000
21.030000
21.220000
20.820000
20.920000
20.980000
20.910000
20.800000
20.690000
20.630000
20.370000
20.400000
20.660000
20.280000
20.350000
20.510000
20.260000
20.230000
20.140000
19.870000
20.060000
20.530000
20.580000
20.580000
20.580000
20.810000
21.060000
20.770000
20.940000
20.960000
21.050000
21.050000
21.050000
21.170000
21.230000
21.350000
21.450000
21.350000
21.420000
21.170000
21.330000
21.270000
21.170000
21.100000
21.290000
21.230000
21.160000
21.180000
21.190000
21.160000
20.910000
20.910000
20.600000
20.820000
20.950000
20.880000
20.940000
21.290000
21.310000
21.280000
21.150000
21.020000
21.030000
21.090000
21.080000
21.080000
21.230000
20.960000
21.130000
21.190000
21.450000
21.550000
21.640000
21.650000
21.750000
21.970000
22.041000
22.000000
22.050000
22.050000
21.720000
21.740000
21.640000
21.790000
21.970000
21.920000
22.100000
22.150000
22.030000
22.100000
22.450000
22.670100
22.370000
22.400000
22.420000
22.450000
22.290000
22.010000
21.840000
21.920000
22.420000
22.300000
22.340000
22.140000
22.030000
21.950000
21.950000
21.820000
21.570000
21.680000
21.460000
21.380000
21.360000
21.140000
21.070000
21.210000
20.860000
21.080000
20.290000
20.330000
20.055000
20.050000
20.410000
20.850000
20.790000
20.960000
20.910000
20.590000
20.850000
20.880000
20.890000
20.800000
21.050000
20.950000
21.080000
21.120000
21.250000
21.250000
20.990000
21.340000
21.370000
21.670000
21.610000
21.500000
21.430000
21.340000
21.300000
21.240000
21.460000
21.570000
21.670000
21.950000
22.280000
21.900000
21.540000
21.470000
21.330000
21.760000
21.760000
21.720000
22.020000
21.680000
21.130000
21.420000
21.250000
21.210000
21.490000
21.060000
20.920000
20.810000
20.820000
20.730000
20.480000
20.280000
20.110000
20.230000
20.380000
20.380000
20.360000
20.520000
20.740000
20.760000
20.530000
20.540000
20.520000
20.370000
20.060000
20.440000
20.520000
20.590000
20.780000
21.150000
21.040000
21.200000
21.260000
21.050000
21.240000
21.450000
21.560000
21.710000
21.810000
21.770000
21.940000
21.670000
21.960000
21.840000
21.830000
21.760000
21.730000
21.650000
21.810000
21.760000
21.680000
21.780000
21.840000
21.880000
21.800000
21.860000
21.740000
21.810000
21.710000
21.740000
21.710000
21.880000
21.900000
21.780000
21.510000
21.430000
21.400000
21.030000
21.080000
21.130000
20.970000
21.130000
21.000000
21.180000
21.470000
21.450000
21.380000
21.540000
21.640000
21.690000
21.870000
22.090000
21.930000
22.250000
22.190000
22.350000
22.420000
23.160000
24.360000
24.060000
24.030000
24.050000
23.780000
23.720000
23.330000
23.360000
23.630000
23.670000
23.720000
23.920000
23.980000
24.020000
23.910000
23.790000
24.020000
24.310000
23.850000
23.570000
23.560000
23.860000
23.650000
23.590000
23.450000
23.610000
24.210000
24.040000
24.060000
23.940000
24.090000
24.520000
24.490000
24.320000
23.890000
23.680000
23.680000
23.720000
24.160000
23.970000
23.780000
23.510000
23.270000
23.180000
23.320000
23.500000
23.150000
23.180000
23.320000
23.500000
23.660000
23.830000
23.910000
23.650000
23.290000
23.020000
22.330000
22.560000
22.590000
22.920000
22.030000
21.760000
20.620000
21.510000
22.020000
22.360000
22.380000
22.240000
22.440000
22.670000
22.620000
22.530000
22.380000
22.480000
22.310000
21.710000
22.090000
22.310000
22.110000
22.230000
21.860000
22.010000
22.100000
21.870000
22.010000
22.210000
21.910000
21.290000
21.300000
21.470000
21.300000
20.890000
20.460000
19.920000
19.460000
18.260000
18.930000
19.240000
19.710000
19.480000
19.280000
18.720000
18.810000
18.910000
18.600000
19.610000
19.740000
19.640000
19.660000
19.590000
19.620000
20.100000
19.720000
19.720000
19.860000
19.650000
19.470000
19.240000
19.230000
18.930000
18.790000
19.120000
19.210000
19.770000
20.030000
19.770000
20.050000
20.310000
20.170000
20.140000
20.010000
20.100000
20.710000
20.900000
20.630000
20.610000
20.420000
20.870000
21.230000
20.890000
20.820000
20.800000
20.710000
20.510000
20.480000
20.610000
20.850000
20.760000
20.630000
20.380000
20.170000
20.230000
20.460000
20.140000
20.280000
20.290000
20.310000
20.400000
20.670000
20.560000
20.500000
20.420000
20.000000
20.090000
20.350000
20.300000
20.170000
20.420000
20.270000
19.970000
19.900000
19.850000
19.510000
19.590000
19.680000
19.920000
19.800000
19.850000
19.670000
19.820000
20.030000
20.030000
19.830000
19.970000
19.910000
19.820000
19.390000
19.460000
19.110000
18.740000
18.430000
18.330000
18.340000
18.230000
18.350000
17.750000
17.840000
17.250000
17.230000
17.580000
17.350000
17.570000
17.390000
17.520000
17.970000
17.820000
17.470000
17.480000
17.350000
17.290000
17.020000
16.870000
16.980000
16.980000
17.340000
17.520000
17.790000
17.700000
17.810000
18.300000
18.040000
18.010000
17.990000
18.120000
18.090000
18.430000
18.780000
18.810000
19.120000
18.840000
18.600000
18.700000
18.670000
19.070800
19.050000
19.090000
19.310000
19.350000
19.480000
19.570000
19.550000
19.330000
19.200000
19.280000
19.520000
19.870000
19.770000
19.640800
19.470000
19.190000
19.480000
19.270000
19.480000
19.580000
19.750000
20.150000
20.170000
20.050000
20.150000
20.300000
20.230000
20.170000
20.160000
20.210000
20.270000
20.240000
20.120000
19.780000
19.800000
19.420000
19.270000
19.430000
19.280000
19.180000
19.490000
19.170000
19.030000
18.800000
19.030000
18.930000
18.850000
18.740000
19.000000
18.910000
19.150000
19.400000
19.410000
19.450000
19.750000
19.690000
19.840000
19.950000
20.160000
20.250000
20.200000
20.100000
20.000000
19.620000
19.490000
19.470000
19.335000
19.300000
19.600000
19.620000
19.260000
19.690000
18.820000
18.660000
18.930000
19.270000
19.580000
19.730000
19.400000
19.420000
19.370000
19.610000
19.700000
20.040000
20.000000
20.210000
20.240000
20.450000
20.370000
20.680000
20.665000
20.780000
20.720000
21.090000
20.990000
20.990000
20.900000
20.850000
20.770000
20.660000
20.670000
21.030000
21.120000
21.150000
21.060000
21.280000
21.210000
21.330000
21.190000
21.090000
21.170000
21.000000
20.930000
21.110000
20.950000
21.010000
20.940000
20.950000
21.130000
21.030000
21.280000
21.640000
21.860000
21.900000
22.100000
21.950000
22.040000
21.520000
21.640000
21.980000
21.880000
21.870000
21.850000
22.100000
22.190000
22.020000
21.750000
21.980000
22.150000
21.930000
22.010000
22.050000
21.940000
22.170000
22.140000
22.100000
22.250000
21.600000
21.740000
21.490000
21.620000
21.510000
21.740000
21.810000
21.840000
21.830000
22.060000
22.020000
21.950000
21.760000
21.600000
21.570000
21.660000
21.480000
21.400000
21.130000
21.180000
21.320000
21.010000
20.960000
20.810000
20.590000
20.780000
20.480000
20.710000
20.770000
20.860000
21.020000
20.940000
20.990000
20.900000
21.020000
21.170000
20.980000
20.740000
20.820000
20.830000
20.970000
20.740000
20.600000
20.290000
20.530000
20.180000
20.060000
19.950000
19.780000
19.780000
19.530000
19.500000
19.430000
19.430000
19.310000
19.430000
19.480000
19.800000
19.930000
20.300000
20.220000
20.310000
20.690000
20.780000
20.490000
20.600000
20.630000
20.770000
20.730000
20.730000
20.770000
20.870000
20.970000
21.020000
21.050000
21.020000
21.030000
21.090000
21.010000
21.010000
20.980000
20.980000
21.160000
21.180000
21.260000
21.260000
21.400000
21.520000
21.400000
21.460000
21.550000
21.570000
21.660000
21.550000
21.710000
21.610000
21.930000
21.670000
21.690000
21.620000
21.600000
21.660000
21.570000
21.780000
21.760000
21.670000
21.950000
22.170000
22.190000
22.318300
22.160000
22.260000
22.420000
22.380000
22.310000
22.390000
22.410000
22.380000
22.250000
22.440000
22.490000
22.580000
22.610000
22.600000
22.620000
22.500000
22.600000
22.540000
22.590000
22.290000
22.110000
22.410000
22.280000
22.390000
22.580000
22.720000
22.890000
22.900000
22.950000
23.020000
22.970000
22.970000
22.930000
22.910000
23.200000
23.280000
23.300000
23.350000
23.490000
23.410000
23.150000
23.280000
23.300000
23.280000
23.310000
23.420000
23.480000
23.460000
23.580000
23.650000
23.900000
24.010000
23.830000
24.100000
24.050000
24.180000
24.130000
23.900000
24.100000
23.970000
23.850000
23.840000
24.140000
23.530000
23.470000
23.570000
23.510000
23.690000
23.570000
23.560000
23.460000
23.430000
23.340000
23.200000
23.050000
23.150000
23.300000
23.470000
23.670000
23.790000
23.880000
23.760000
23.790000
23.840000
23.900000
23.950000
24.060000
24.070000
24.090000
24.060000
24.170000
24.280000
24.500000
24.530000
24.620000
24.600000
24.580000
24.650000
24.730000
24.170000
24.140000
24.350000
24.220000
24.420000
24.010000
24.030000
24.110000
24.350000
24.320000
24.300000
24.460000
24.420000
24.400000
24.500000
24.690000
24.840000
24.600000
24.700000
24.620000
24.720000
25.040000
24.910000
24.830000
24.750000
24.860000
25.060000
25.040000
25.010000
24.930000
24.770000
24.460000
24.450000
24.470000
24.500000
24.690000
24.740000
24.890000
24.930000
25.190000
25.020000
24.950000
25.170000
25.020000
25.030000
25.220000
25.320000
25.320000
25.390000
25.160000
25.110000
24.930000
24.870000
24.760000
24.840000
24.940000
24.660000
24.680000
24.930000
25.100000
25.030000
25.010000
25.120000
25.350000
25.290000
25.450000
25.650000
25.640000
25.460000
25.600000
25.430000
25.570000
26.000000
26.020000
26.140000
26.000000
26.000000
25.810000
25.660000
25.570000
25.440000
25.330000
25.110000
25.080000
25.240000
25.270000
25.300000
25.610000
25.310000
25.380000
25.580000
24.780000
24.840000
24.980000
25.130000
25.110000
25.170000
25.290000
25.420000
25.710000
25.860000
25.870000
25.940000
25.930000
26.010000
25.940000
26.090000
26.260000
26.280000
26.560000
26.380000
26.500000
26.730000
26.780000
26.750000
26.750000
26.900000
26.510000
26.450000
26.600000
26.370000
25.960000
25.140000
25.490000
24.890000
24.520000
24.340000
24.540000
24.700000
25.160000
25.450000
25.420000
25.310000
25.370000
25.310000
25.620000
25.970000
25.830000
25.580000
25.600000
25.620000
25.330000
25.480000
25.290000
25.710000
26.140000
26.310000
26.070000
26.010000
26.060000
26.010000
25.910000
25.990000
25.920000
25.250000
24.850000
25.510000
25.180000
25.030000
25.310000
24.990000
25.230000
25.240000
25.260000
24.930000
25.180000
25.530000
25.790000
25.850000
25.650000
25.400000
25.400000
25.580000
25.510000
25.370000
25.330000
25.390000
25.330000
25.360000
25.460000
25.710000
25.700000
25.710000
25.630000
25.580000
25.280000
25.650000
25.780000
26.080000
26.370000
26.510000
26.200000
26.250000
25.890000
25.870000
26.440000
26.420000
26.120000
26.030000
26.070000
25.790000
25.870000
25.990000
26.000000
26.130000
26.270000
26.520000
26.360000
26.230000
26.260000
26.100000
25.860000
25.750000
25.690000
25.510000
24.710000
24.860000
24.390000
24.630000
24.300000
24.380000
23.960000
24.200000
24.210000
23.870000
23.890000
23.920000
24.180000
24.550000
24.460000
24.160000
24.400000
24.430000
24.410000
24.360000
24.270000
24.140000
24.390000
24.390000
24.690000
24.950000
24.690000
24.610000
24.650000
24.760000
24.350000
23.980000
23.960000
24.070000
24.500000
24.530000
24.620000
24.270000
24.130000
24.190000
23.650000
23.750000
23.920000
23.980000
24.070000
24.150000
23.850000
23.950000
24.310000
24.230000
24.600000
24.110000
24.150000
24.140000
23.530000
23.300000
23.040000
22.870000
22.820000
23.170000
23.570000
23.600000
23.510000
23.820000
23.970000
24.020000
24.230000
23.930000
24.010000
24.090000
24.140000
23.920000
24.050000
23.480000
23.350000
22.830000
22.860000
22.690000
22.710000
22.260000
22.030000
22.290000
22.160000
22.250000
22.150000
21.890000
22.150000
22.560000
22.090000
21.570000
21.710000
21.500000
21.260000
21.300000
21.370000
21.990000
22.360000
22.260000
22.220000
22.670000
22.160000
21.880000
21.810000
22.310000
22.280000
22.790000
22.870000
22.780000
22.240000
22.590000
22.620000
23.140000
23.040000
23.380000
23.100000
23.080000
23.700000
23.480000
23.200000
22.920000
22.730000
22.860000
23.190000
23.310000
23.290000
23.080000
22.770000
22.690000
22.620000
22.480000
22.330000
22.730000
22.510000
22.620000
22.570000
22.330000
22.010000
22.800000
22.870000
23.100000
23.450000
23.620000
23.490000
23.370000
23.550000
23.870000
23.810000
24.020000
23.710000
23.900000
24.030000
24.360000
24.210000
24.210000
24.480000
24.730000
24.410000
24.760000
25.010000
24.790000
24.540000
24.850000
24.920000
24.980000
25.300000
25.310000
25.170000
25.510000
25.680000
25.770000
26.020000
25.990000
25.880000
25.870000
25.860000
25.920000
25.880000
25.880000
25.800000
25.460000
25.260000
25.710000
25.850000
25.830000
25.700000
25.840000
26.050000
26.070000
25.930000
25.920000
25.540000
25.630000
25.720000
25.720000
25.880000
26.210000
26.650000
26.850000
26.890000
26.970000
27.140000
26.900000
26.770000
26.870000
26.560000
26.770000
26.490000
26.580000
26.450000
26.490000
26.420000
26.630000
26.340000
26.450000
26.590000
26.660000
26.480000
26.380000
26.740000
27.120000
26.390000
26.050000
25.960000
25.440000
25.660000
24.910000
25.220000
25.420000
25.490000
25.100000
25.040000
25.120000
25.250000
25.020000
25.040000
25.150000
25.270000
24.860000
24.660000
24.600000
24.770000
24.770000
24.900000
25.060000
25.480000
25.610000
25.030000
25.100000
24.880000
24.650000
25.320000
25.660000
25.990000
25.800000
25.830000
25.570000
25.730000
26.000000
25.880000
26.130000
26.370000
26.530000
26.370000
26.220000
25.950000
25.980000
25.990000
26.180000
26.160000
26.190000
26.150000
26.270000
26.430000
26.120000
26.230000
26.220000
25.910000
25.790000
25.470000
25.270000
24.850000
24.200000
24.080000
22.900000
23.200000
23.360000
23.650000
23.230000
22.500000
22.670000
22.130000
22.690000
23.250000
23.860000
23.710000
23.870000
23.460000
23.060000
23.140000
23.100000
23.120000
23.250000
22.840000
22.690000
23.710000
23.650000
23.870000
23.800000
23.890000
24.130000
24.070000
24.290000
24.000000
23.860000
23.640000
23.380000
23.280000
23.050000
22.980000
22.880000
22.750000
22.640000
22.700000
22.400000
22.660000
22.940000
22.530000
22.520000
22.300000
22.300000
22.370000
22.930000
22.930000
22.970000
23.210000
23.300000
23.130000
23.330000
23.390000
23.290000
23.420000
23.490000
23.830000
23.660000
23.750000
23.780000
24.310000
24.540000
24.600000
24.680000
24.850000
24.660000
24.190000
23.940000
23.530000
23.350000
23.400000
23.540000
23.810000
23.640000
23.550000
23.580000
24.070000
23.980000
24.010000
23.540000
23.410000
23.270000
23.320000
23.280000
23.510000
23.310000
23.290000
23.500000
24.080000
24.230000
24.160000
24.240000
24.160000
24.000000
24.090000
24.050000
24.070000
24.160000
24.260000
24.290000
24.330000
24.920000
24.580000
24.650000
24.640000
24.680000
24.980000
25.030000
25.460000
25.410000
25.340000
25.540000
25.620000
24.570000
24.560000
24.360000
24.160000
23.280000
23.380000
23.590000
23.380000
22.910000
23.110000
23.490000
23.530000
23.840000
23.620000
23.680000
23.910000
24.270000
24.020000
24.150000
24.000000
24.080000
23.700000
23.690000
23.020000
22.770000
23.010000
22.870000
22.970000
22.760000
22.590000
22.780000
22.800000
22.540000
21.560000
22.270000
21.670000
19.930000
21.040000
19.070000
20.320000
19.400000
18.620000
18.770000
18.210000
19.210000
19.710000
20.410000
19.400000
19.790000
19.940000
19.280000
20.010000
19.930000
20.870000
21.100000
21.200000
21.180000
21.180000
21.640000
21.300000
21.180000
21.670000
21.340000
20.730000
21.070000
21.070000
21.090000
21.390000
21.460000
21.680000
21.150000
20.550000
20.750000
20.920000
20.950000
20.970000
21.280000
21.320000
21.070000
20.850000
20.770000
20.550000
21.300000
21.270000
21.530000
20.720000
19.660000
19.940000
19.660000
19.740000
19.840000
20.480000
21.150000
21.570000
21.390000
22.090000
22.220000
22.320000
22.310000
21.250000
21.720000
21.090000
21.100000
21.360000
21.410000
21.370000
21.700000
21.800000
21.610000
21.680000
21.500000
21.400000
21.370000
21.500000
22.060000
22.890000
22.340000
22.550000
22.130000
21.890000
21.960000
22.100000
21.890000
21.610000
21.670000
21.650000
