20.164100
19.700100
18.910000
18.390000
18.772500
19.030000
19.426800
19.340000
18.850000
18.400000
18.820000
18.780000
19.409900
19.365700
19.780000
19.817600
19.820000
20.360000
19.670000
19.170800
19.140000
19.070000
19.280000
19.790000
19.510000
19.160000
18.605000
18.610000
18.605000
17.730000
17.923700
17.930000
18.300000
18.358600
18.360000
17.850000
18.829000
19.210000
19.140000
20.050000
19.670000
19.610000
19.240100
19.240000
19.766900
19.766900
20.300000
19.660000
19.619000
19.701500
20.290000
20.290000
20.051100
20.393200
20.653300
20.653300
20.653300
20.786900
20.800000
20.260000
20.260000
20.470000
20.470000
20.700000
20.700000
20.415300
20.415300
20.690000
20.490000
20.697200
21.006200
21.277200
21.310000
21.310000
21.310000
21.917600
21.891300
21.628000
21.070000
21.070000
21.070000
21.739000
21.678100
21.840000
22.052800
22.089900
22.095000
22.124400
21.840000
21.693000
21.895000
21.750000
21.750000
22.130000
22.610000
22.515000
22.812300
22.730000
23.050000
23.000000
23.050000
23.024300
22.885000
23.252700
22.955000
23.059400
23.245000
22.940000
23.522600
23.150000
22.940000
22.832400
22.939000
23.109900
23.160000
23.305000
23.120100
23.660000
22.968900
22.920000
22.760000
22.139200
22.605600
22.099900
22.389900
22.515600
22.630000
21.890000
21.228800
21.469700
21.362400
20.800000
20.880100
20.933100
20.570000
20.620000
20.810000
20.810000
20.810000
20.810000
20.810000
21.090000
21.578100
21.820000
21.510000
21.510000
21.250000
21.189300
21.550000
21.689900
21.990000
21.990000
21.790900
21.360000
21.360000
21.799300
21.871200
22.320000
22.248000
22.284300
22.199900
22.199900
21.800000
22.000000
22.009900
21.770100
22.010000
22.010000
22.056200
22.056200
22.198500
22.063700
22.200000
22.390000
21.160000
22.505000
22.360000
22.360000
22.112700
21.880000
21.630000
21.630000
20.783400
20.783400
21.490000
21.310000
21.310000
21.500000
20.900000
20.610000
21.750000
21.955000
21.955000
21.852200
21.478600
21.787900
21.680000
21.680000
22.089900
22.089900
22.089900
22.089900
22.089900
22.089900
22.089900
22.070000
22.440000
22.440000
22.440000
22.390000
22.390000
22.380000
22.380000
22.380000
22.380000
21.650100
21.117200
21.330000
20.700000
21.026200
20.780000
20.710000
20.710000
20.710000
21.070000
20.680000
20.680000
21.237800
21.485600
21.485600
21.770000
21.770000
21.905500
21.905500
21.905500
21.710000
21.105000
21.105000
21.477400
21.805700
21.577900
21.536300
21.536300
21.536300
22.252000
22.180000
22.180000
22.391300
22.490000
22.490000
22.490000
22.490000
22.490000
22.330000
22.330000
22.330000
22.330000
22.590000
22.910000
22.818200
22.800000
23.110600
23.000000
22.732900
22.610300
22.848000
22.939400
23.165000
22.970000
22.873900
23.132800
23.269900
23.232000
23.675000
23.839400
23.965000
24.085100
24.221900
24.470000
24.520700
24.490000
24.785400
24.520000
24.539000
25.190000
24.950000
25.010000
25.290000
25.357400
25.590000
25.838000
26.285000
26.076300
26.102000
26.157000
26.227300
25.760000
25.874200
25.578900
25.474900
24.695500
24.950000
25.330900
25.199400
24.768400
24.700000
25.883100
25.749100
26.020000
25.666900
25.646500
26.165500
26.684400
26.459600
26.391700
26.810000
26.545000
26.165000
26.050000
25.080700
25.017500
25.036100
24.515000
24.064200
24.713100
24.691800
25.149800
25.332100
24.440000
23.146300
23.835000
23.000000
21.514400
21.692000
20.045200
20.430000
19.282000
19.669400
20.224400
20.047600
21.610000
22.555000
23.020000
22.355600
22.439200
22.785300
22.049100
21.980600
21.728200
22.650200
22.963500
23.029000
23.000700
23.484400
24.124300
24.060200
24.699100
25.040000
25.704400
24.732100
25.380000
25.235700
25.280000
25.678000
25.678500
26.055000
25.749500
25.032500
25.120000
25.555700
26.240500
26.568500
27.149600
27.576600
27.710000
27.958600
27.993600
28.075000
29.074100
29.120100
29.701200
29.553200
29.201800
29.657500
29.052800
28.997500
29.598000
31.570000
30.613100
31.006100
30.752200
30.993400
30.773900
30.870100
31.614500
30.852800
31.091200
31.260000
34.080000
32.510500
32.870000
32.905500
33.478900
34.199800
33.795000
33.916100
33.615000
33.560000
33.870000
34.230000
35.440000
35.970000
35.760000
37.120000
37.730000
37.810000
36.270000
35.990000
36.420000
35.290000
35.420000
36.650000
