15.000000
15.000000
15.000000
15.000000
15.040000
15.000000
15.000000
15.000000
15.000000
15.010000
15.020000
15.000000
15.000000
15.000000
15.000000
15.010000
15.000000
15.000000
15.000000
15.000000
15.000000
15.000000
15.000000
14.900000
14.810000
14.810000
14.730000
14.610000
14.550000
14.480000
14.490000
14.450000
14.310000
14.220000
14.060000
14.200000
14.160000
14.070000
13.980000
13.750000
13.740000
13.620000
13.750000
14.100000
14.200000
14.490000
14.560000
14.600000
14.630000
14.590000
14.740000
14.900000
14.610000
14.650000
14.700000
14.580000
14.350000
14.340000
14.410000
14.100000
14.260000
14.190000
14.240000
14.150000
13.760000
13.820000
13.850000
14.060000
14.170000
14.330000
14.200000
14.160000
14.150000
14.080000
14.040000
14.130000
14.050000
14.180000
14.190000
14.250000
14.520000
14.420000
14.700000
14.740000
14.640000
14.950000
14.910000
14.990000
14.750000
14.950000
14.930000
14.990000
14.800000
14.550000
14.560000
14.640000
14.580000
14.710000
14.610000
14.650000
14.750000
14.790000
14.850000
14.850000
15.000000
14.910000
14.850000
14.910000
14.930000
14.980000
15.000000
14.970000
14.990000
15.040000
14.910000
14.900000
14.920000
15.000000
14.950000
14.940000
14.900000
14.950000
14.900000
14.810000
14.800000
14.900000
15.080000
14.990000
15.030000
14.820000
15.000000
14.960000
15.000000
15.020000
15.050000
14.910000
14.920000
14.880000
15.050000
15.030000
15.050000
14.960000
14.900000
14.880000
14.540000
14.400000
14.440000
14.390000
14.400000
14.250000
14.080000
14.010000
13.850000
14.040000
14.100000
13.800000
13.850000
14.080000
14.200000
14.140000
14.350000
14.360000
14.360000
14.020000
14.000000
14.300000
14.080000
13.950000
13.810000
13.780000
13.850000
13.850000
13.750000
13.660000
13.920000
13.900000
14.050000
14.090000
13.830000
13.900000
14.020000
13.900000
14.020000
14.040000
13.850000
13.920000
13.940000
13.890000
13.680000
13.760000
13.720000
13.690000
13.620000
13.690000
13.800000
13.870000
14.090000
14.090000
14.150000
14.150000
14.150000
14.190000
14.240000
14.400000
14.400000
13.960000
14.110000
14.040000
14.000000
14.000000
14.180000
14.060000
14.090000
14.140000
14.130000
14.200000
14.240000
14.290000
14.030000
14.100000
14.070000
14.050000
14.060000
14.190000
14.120000
14.090000
14.140000
14.210000
14.210000
14.170000
14.120000
14.110000
14.200000
14.150000
14.210000
14.230000
14.250000
14.470000
14.400000
14.260000
14.040000
14.050000
14.120000
13.970000
14.030000
14.040000
14.050000
14.120000
14.080000
14.120000
14.180000
14.140000
14.050000
14.050000
14.060000
14.020000
14.030000
14.050000
14.150000
14.210000
14.280000
14.300000
14.200000
14.250000
14.570000
14.690000
14.630000
14.680000
14.650000
14.730000
14.650000
14.620000
14.640000
14.650000
14.590000
14.430000
14.500000
14.490000
14.590000
14.800000
14.800000
14.760000
14.800000
14.750000
14.740000
14.730000
14.690000
14.600000
14.670000
14.760000
14.740000
14.890000
14.990000
14.970000
14.890000
14.850000
14.780000
14.920000
14.920000
14.870000
14.780000
14.800000
14.890000
14.860000
14.800000
14.800000
14.850000
14.850000
14.930000
14.910000
14.820000
14.950000
14.960000
14.940000
14.970000
14.960000
14.970000
14.980000
14.950000
14.920000
14.910000
14.850000
14.730000
14.400000
14.210000
14.400000
14.400000
14.250000
14.220000
14.020000
14.020000
14.400000
14.390000
14.360000
14.080000
14.020000
13.950000
13.820000
13.760000
13.760000
13.490000
13.570000
13.680000
13.660000
13.560000
13.400000
13.140000
12.950000
13.200000
13.040000
13.030000
13.150000
13.070000
13.100000
12.850000
12.810000
12.860000
12.880000
13.060000
13.230000
13.240000
13.230000
13.090000
13.220000
13.240000
13.250000
13.220000
13.230000
13.250000
13.240000
13.210000
13.320000
13.200000
13.080000
13.160000
13.110000
13.060000
13.110000
13.200000
13.060000
13.030000
13.050000
13.040000
13.120000
13.300000
13.420000
13.550000
13.320000
13.450000
13.420000
13.460000
13.410000
13.420000
13.550000
13.700000
13.720000
13.530000
13.420000
13.460000
13.600000
13.600000
13.680000
13.800000
13.850000
13.960000
14.100000
14.000000
13.820000
13.890000
14.030000
13.900000
13.900000
13.984000
14.030000
14.070000
14.160000
14.100000
13.980000
14.050000
14.000000
13.970000
14.020000
14.030000
14.050000
14.050000
14.050000
14.190000
14.350000
14.450000
14.550000
14.590000
14.560000
14.550000
14.590000
14.500000
14.480000
14.400000
14.400000
14.500000
14.310000
14.450000
14.280000
14.490000
14.480000
14.590000
14.560000
14.700000
14.710000
14.550000
14.590000
14.550000
14.690000
14.670000
14.570000
14.550000
14.630000
14.580000
14.570000
14.610000
14.640000
14.640000
14.650000
14.530000
14.510000
14.450000
14.540000
14.430000
14.530000
14.530000
14.620000
14.500000
14.530000
14.260000
14.290000
14.180000
14.070000
14.250000
14.300000
14.350000
14.140000
14.110000
14.240000
14.180000
14.150000
14.150000
14.250000
14.450000
14.390000
14.310000
14.250000
14.130000
14.270000
14.220000
14.220000
14.150000
14.150000
14.070000
14.050000
14.040000
14.250000
14.010000
14.230000
14.250000
14.040000
14.050000
14.100000
13.890000
13.930000
14.020000
14.060000
14.080000
14.180000
14.100000
13.970000
14.100000
14.270000
14.300000
14.170000
14.350000
14.480000
14.450000
14.520000
14.700000
14.600000
14.580000
14.510000
14.550000
14.560000
14.750000
14.680000
14.850000
14.740000
14.990000
14.900000
14.830000
14.800000
14.750000
14.800000
14.850000
14.800000
14.820000
14.880000
14.820000
14.820000
14.540000
14.630000
14.630000
14.560000
14.410000
14.470000
14.570000
14.660000
14.670000
14.680000
14.810000
14.650000
14.580000
14.700000
14.400000
14.240000
14.300000
14.270000
14.390000
14.410000
14.400000
14.460000
14.250000
14.250000
14.200000
14.180000
14.370000
14.420000
14.350000
14.370000
14.370000
14.410000
14.470000
14.470000
14.640000
14.550000
14.430000
14.540000
14.570000
14.500000
14.470000
14.460000
14.420000
14.450000
14.360000
14.330000
14.440000
14.550000
14.700000
14.700000
14.820000
14.880000
14.890000
14.900000
14.860000
14.900000
14.900000
14.990000
15.000000
15.000000
15.000000
14.910000
14.840000
14.900000
14.860000
14.860000
14.800000
14.840000
14.890000
14.920000
14.900000
14.940000
14.920000
15.000000
15.050000
15.170000
15.150000
15.230000
15.250000
15.170000
15.200000
15.330000
15.500000
15.550000
15.600000
15.670000
15.520000
15.450000
15.430000
15.410000
15.510000
15.500000
15.490000
15.480000
15.470000
15.500000
15.870000
15.600000
15.650000
15.740000
16.050000
15.890000
15.650000
15.690000
15.700000
15.900000
15.470000
15.580000
15.470000
15.430000
15.320000
15.280000
15.300000
15.400000
15.360000
15.440000
15.400000
15.480000
15.350000
15.370000
15.450000
15.400000
15.450000
15.370000
15.550000
15.870000
15.750000
15.830000
16.100000
16.150000
16.020000
15.960000
15.880000
15.780000
15.860000
15.880000
16.000000
15.990000
16.200000
16.250000
16.200000
16.090000
16.090000
15.930000
15.530000
15.380000
15.210000
15.220000
15.220000
14.840000
14.900000
14.740000
14.600000
14.610000
14.620000
14.560000
14.500000
14.410000
14.370000
14.380000
14.410000
14.410000
14.350000
14.350000
14.230000
14.240000
14.320000
14.300000
14.150000
14.100000
14.120000
14.090000
14.090000
14.050000
14.090000
14.060000
14.070000
14.030000
14.100000
14.140000
14.080000
14.160000
14.210000
14.180000
14.180000
14.120000
14.000000
13.880000
14.060000
14.280000
14.280000
14.240000
14.190000
14.110000
14.220000
14.240000
14.330000
14.440000
14.560000
14.650000
14.650000
14.580000
14.600000
14.580000
14.530000
14.500000
14.480000
14.550000
14.570000
14.600000
14.500000
14.440000
14.550000
14.430000
14.460000
14.390000
14.420000
14.430000
14.550000
14.640000
14.660000
14.650000
14.840000
14.860000
14.950000
14.940000
14.810000
14.810000
14.970000
14.950000
15.150000
14.980000
15.010000
15.350000
15.340000
15.170000
15.300000
15.380000
15.480000
15.240000
15.080000
15.070000
15.250000
15.250000
15.010000
15.000000
15.050000
15.070000
15.000000
15.110000
15.080000
15.060000
14.980000
15.040000
15.100000
15.130000
15.180000
15.160000
15.040000
15.040000
14.960000
14.930000
14.900000
15.000000
15.000000
15.040000
14.950000
14.800000
14.860000
14.830000
14.870000
14.930000
14.850000
15.000000
14.860000
15.030000
14.890000
14.940000
15.050000
14.870000
14.940000
15.050000
14.950000
15.050000
14.900000
14.970000
14.950000
14.910000
14.800000
14.590000
14.600000
14.670000
14.820000
14.720000
14.650000
14.620000
14.630000
14.720000
14.610000
14.670000
14.800000
14.900000
14.970000
15.000000
15.050000
14.980000
15.120000
15.000000
15.090000
14.870000
15.050000
15.000000
14.930000
14.840000
14.780000
14.730000
14.830000
14.690000
14.910000
14.860000
15.030000
14.890000
15.090000
15.280000
15.120000
15.160000
15.040000
15.200000
15.160000
15.110000
15.100000
15.180000
15.230000
15.150000
15.120000
15.120000
15.050000
15.220000
15.210000
14.980000
14.880000
14.550000
14.660000
14.710000
14.780000
14.740000
14.780000
14.850000
14.890000
14.770000
14.720000
14.780000
14.700000
14.730000
14.700000
14.800000
14.770000
14.810000
15.150000
15.050000
14.950000
14.900000
14.940000
14.910000
14.960000
14.860000
14.850000
15.050000
15.010000
15.080000
15.050000
15.080000
15.020000
15.030000
15.190000
15.180000
15.250000
15.200000
15.370000
15.460000
15.340000
15.420000
15.300000
15.350000
15.490000
15.470000
15.430000
15.400000
15.460000
15.380000
15.600000
15.880000
15.850000
15.650000
15.750000
15.670000
15.630000
15.750000
15.740000
15.680000
15.550000
15.470000
15.599100
15.640000
15.750000
15.650000
15.570000
15.610000
15.560000
15.410000
15.350000
15.340000
15.370000
15.470000
15.490000
15.520000
15.570000
15.590000
15.580000
15.600000
15.640000
15.550000
15.690000
15.650000
15.650000
15.610000
15.600000
15.600000
15.590000
15.610000
15.780000
15.630000
15.700000
15.730000
15.770000
15.930000
15.670000
15.660000
15.660000
15.650000
15.700000
15.580000
15.500000
15.500000
15.520000
15.550000
15.600000
15.680000
15.660000
15.800000
15.850000
15.780000
15.870000
15.860000
15.810000
15.820000
15.880000
15.760000
15.610000
15.620000
15.590000
15.590000
15.510000
15.540000
15.510000
15.440000
15.470000
15.390000
15.400000
15.350000
15.370000
15.340000
15.250000
15.310000
15.250100
15.450000
15.539900
15.690000
15.580000
15.800000
15.640000
15.640000
15.520000
15.510000
15.400000
15.400000
15.410000
15.540000
15.600000
15.500000
15.460000
15.470000
15.420000
15.450000
15.430000
15.470000
15.440000
15.390000
15.400000
15.430000
15.410000
15.400000
15.420000
15.340000
15.270000
15.260000
15.310000
15.300000
15.360000
15.380000
15.470000
15.540000
15.580000
15.650000
15.650000
15.730000
15.790100
15.830000
15.860000
15.910000
16.030000
15.950000
15.890000
15.920000
15.860000
15.870000
15.890000
15.850000
15.800000
15.780000
15.800000
15.840000
15.840000
15.810000
15.950000
15.960000
15.860000
16.000000
15.930000
15.900000
15.810000
15.810000
15.930000
15.910000
15.790000
15.850000
15.800000
15.800000
15.740000
15.850000
15.850000
15.890000
15.900000
16.040000
16.000000
15.850000
15.850000
15.840000
15.950000
16.040000
16.110000
16.040000
16.010000
15.880000
15.640000
15.430000
15.390000
15.120000
15.170000
15.290000
15.250000
15.390000
15.380000
15.390000
15.480000
15.550000
15.560000
15.160000
15.030000
14.930000
15.000000
15.021000
14.700000
14.840000
14.880000
15.150000
15.250000
15.130000
15.050000
14.920000
14.940000
14.950000
14.920000
14.960000
15.050000
15.080000
14.980000
15.230000
15.280000
15.410000
15.310000
15.120000
14.970000
14.970000
15.010000
15.060000
15.200000
14.950000
14.970000
14.860000
14.780000
14.210000
14.640000
14.880000
14.870000
14.720000
14.760000
14.639900
14.690000
14.690000
15.040000
15.010000
14.900000
14.640000
14.600000
14.589900
14.000000
13.960000
14.400000
14.510000
14.480100
14.380000
14.110000
14.159900
14.060000
14.150000
14.180000
14.200000
14.230000
14.300000
14.330000
14.390000
14.480000
14.600000
14.900000
14.780000
14.780000
14.680000
14.720000
14.730000
14.700000
14.779900
14.650000
14.650000
14.860000
14.950000
14.990000
15.000000
15.280000
15.250000
15.380000
15.250000
15.290000
15.260000
15.250000
15.260000
15.250000
15.260000
15.270000
15.170000
14.970000
15.050000
15.090000
15.030000
14.960000
14.650000
14.750000
14.830000
14.980000
14.840000
14.660000
14.630000
14.740000
14.560000
14.250000
14.160000
14.110000
14.030000
13.920000
13.750000
13.430000
13.510000
13.560000
13.620000
13.490000
13.460000
13.544000
13.526000
13.430000
13.430000
13.920000
13.850000
13.790000
13.839900
13.970000
13.680000
13.600100
13.730000
13.510000
13.490000
13.220000
13.260000
13.290000
13.060000
13.080000
13.000000
13.070000
13.050000
13.150000
13.310000
13.320000
13.370100
13.550000
13.740000
13.920000
13.980000
14.090000
14.040000
14.070000
14.270000
14.500000
14.550100
14.590000
14.090000
14.170000
14.740000
14.740000
14.530000
14.650000
14.800000
15.080000
14.960100
14.950000
15.000000
14.870000
14.930000
14.900000
14.978500
15.040000
15.160000
15.090000
14.510000
14.200000
14.100000
13.970000
13.880000
13.760000
13.980000
13.830000
13.840000
13.670000
13.600000
13.600000
13.560000
13.950000
13.870000
13.730000
13.810000
13.920000
13.960000
14.000000
14.140000
14.020000
14.000000
13.930000
13.999900
13.910100
13.900000
13.970000
13.920000
13.900000
13.840000
13.869900
13.830000
13.840000
13.930000
13.970000
14.000000
13.970000
14.150000
14.130000
14.180000
14.490000
14.410000
14.550000
14.670000
14.560000
14.450000
14.470000
14.540000
14.610000
14.610000
14.700000
14.700000
14.630000
14.580000
14.640000
14.500000
14.370000
14.290000
14.230000
14.320000
14.270000
14.250000
14.280000
14.300000
14.270000
14.310000
14.209900
14.240000
14.190000
14.240000
14.200000
14.250000
14.180000
14.150000
14.070000
14.050000
13.940000
13.850000
13.860000
13.770000
13.530000
13.650000
13.650000
13.750000
13.660000
13.730000
13.600000
13.550000
13.320000
13.490000
13.560000
13.550000
13.490000
13.560000
13.550000
13.710000
13.600000
13.819900
13.940000
13.760000
13.780000
13.730000
13.750100
13.340000
13.320100
13.380000
13.430000
13.628000
13.740000
13.639900
13.838000
13.736000
13.730000
13.669000
13.740000
13.700400
13.870000
13.900000
13.910000
13.810100
13.880000
13.820000
13.770000
13.710000
13.700000
13.722000
13.680000
13.688000
13.664600
13.600000
13.520000
13.488000
13.440000
13.520000
13.499900
13.520000
13.490000
13.460000
13.500000
13.490000
13.440000
13.500000
13.320000
13.250000
13.120000
13.000000
13.000000
12.850000
12.640000
12.680000
12.960000
12.760000
12.620000
12.170000
12.100000
11.590000
9.670000
10.380000
11.100000
10.890000
10.906000
10.390000
10.030000
9.020000
8.520000
7.580000
9.080000
10.060000
9.800000
9.620000
9.750000
9.990000
10.108000
10.210000
10.940000
10.820000
10.600000
10.630000
10.310000
10.220000
10.110000
10.130000
10.250000
10.490000
10.950000
11.600000
11.870000
11.690000
10.850000
10.940000
11.250000
10.900000
10.710000
10.760000
9.890000
9.610000
9.380000
9.410000
9.380000
9.449900
9.454000
9.750000
9.440000
8.960000
8.130000
8.350500
8.300100
8.480000
8.290000
8.060000
8.000000
7.939900
7.980000
8.150000
8.560000
8.820000
8.900000
9.030000
9.150000
9.020000
9.070000
9.080000
9.380000
9.850000
10.090000
9.890000
10.250000
10.500000
10.790000
10.870000
10.570000
10.390000
10.530000
10.470000
10.320000
10.210000
10.280000
10.350000
10.490000
10.580000
10.620000
10.770000
10.620000
10.880000
10.950000
11.080000
11.190000
11.130100
11.270000
11.150000
11.120000
11.140000
10.819900
10.800000
10.740000
10.790000
10.880000
10.990000
11.000000
10.930000
11.030000
10.760000
10.490000
10.660000
10.350000
10.183600
10.185700
10.470000
10.550000
10.750000
11.300000
11.420000
11.460000
11.410000
11.530000
11.529600
11.650000
11.580000
11.580000
11.600000
11.630000
11.660000
11.660000
11.780000
12.060000
12.380000
12.326000
12.450000
12.350000
12.310000
12.270000
12.160000
12.100000
12.170000
12.250000
12.530000
12.490000
12.590000
12.940000
12.920000
12.950000
12.930000
12.949900
12.900000
13.010000
13.020000
13.000000
12.970000
12.930000
12.970000
12.960000
12.840000
12.750000
12.750000
12.730000
12.920000
12.860000
13.040000
13.080000
13.090000
13.070000
13.140000
13.512000
13.390000
13.420000
13.550000
13.440000
13.630000
13.510000
13.390000
13.400000
13.340000
13.460000
13.460000
13.220000
13.360000
13.500000
13.255000
12.980000
12.570000
12.610000
12.629900
12.570000
12.690000
12.660000
12.800000
12.870000
12.870000
12.990000
13.120000
13.220000
13.500000
13.540000
13.510000
13.520000
13.450000
13.450000
13.550000
13.550000
13.700000
13.631800
13.630000
13.700000
13.720000
13.700000
13.870000
14.010000
13.830000
13.890000
13.990000
14.000000
13.940000
13.970000
14.124800
14.150000
14.150000
14.110000
13.940000
14.235000
14.235000
14.070000
14.060100
14.050000
13.930000
13.910000
13.899000
13.880000
13.930000
13.410000
14.088000
14.180000
14.219900
14.400000
14.700000
14.620000
14.790000
15.130000
15.140000
15.190000
15.250000
15.250000
15.250000
15.360000
15.470000
15.440000
15.340000
15.160000
15.211200
15.500000
15.530000
15.650000
15.850000
16.090000
16.120000
16.010000
15.580000
15.060000
14.520000
14.740000
14.180000
13.900000
14.170000
14.300000
14.300000
14.230000
14.240000
14.369300
14.360000
14.370000
14.080000
13.900000
13.430000
13.429900
13.350000
13.450000
13.680000
13.750000
13.895000
13.810000
13.570000
13.700000
13.850000
13.930000
14.200000
14.200000
14.350000
14.380000
14.410000
14.410000
14.480000
14.500000
14.470000
14.500000
14.470000
14.670000
14.670000
14.700000
14.760000
14.800000
14.850000
15.250000
15.270000
14.920000
15.040000
14.880000
14.880000
14.430000
14.460000
14.590000
14.620000
14.770000
14.830000
14.860000
14.880000
14.900000
14.908800
14.980000
14.900000
14.930000
14.910000
14.799900
14.750000
14.650000
14.619300
14.710000
14.700000
14.750100
14.720000
14.658000
14.600000
14.510000
14.520000
14.470000
14.570000
14.570000
14.592000
14.580000
14.559000
14.650000
14.719900
14.750000
14.740000
14.820000
14.939900
14.990000
14.990000
14.860000
14.650000
14.710000
14.680000
14.790000
14.700000
14.750000
14.710000
14.720000
14.700000
14.670000
14.790000
14.830000
14.830000
14.780000
14.760000
14.580000
14.710100
14.786000
14.786000
14.740000
14.850000
14.860000
14.830000
14.820000
14.940000
14.900000
14.800000
14.820000
14.820000
14.740000
14.760000
14.819900
14.800000
14.860000
14.790000
14.770000
14.860000
14.920000
15.000000
15.100000
15.100000
15.160000
15.040100
15.040000
15.010000
14.980000
14.980000
14.880000
14.950000
15.000000
15.000000
15.000000
14.720000
14.600000
14.780000
14.720000
14.770000
14.839900
14.800000
14.817300
14.950000
14.950000
14.640000
14.560000
14.600000
14.600000
14.570000
14.450000
14.340000
14.360000
14.310000
14.260000
14.270000
14.280000
14.259900
14.260000
14.322000
14.430000
14.400000
14.490000
14.470000
14.620000
14.680000
14.460000
14.420000
14.410000
14.410000
14.430000
14.470000
14.390000
14.489900
14.540000
14.570000
14.470000
14.470000
14.660000
14.780000
14.800000
14.850000
14.770000
14.740000
14.720000
14.700000
14.790000
14.900000
14.950000
14.890000
14.950000
14.960000
15.060000
15.110000
15.030000
15.080000
15.050000
15.170000
15.200000
15.200000
15.100000
15.000000
15.050000
14.960000
15.130000
15.200000
15.219200
15.200000
15.218000
15.190000
15.340000
15.350000
15.350000
15.400000
15.561000
15.500000
15.646000
15.700000
15.600000
15.660000
15.580000
15.680000
15.820000
15.920100
16.050000
16.010000
15.840100
15.850000
15.720000
15.800000
15.771000
15.650000
15.733200
15.630000
15.540000
15.560000
15.560000
15.537800
15.510000
15.430000
15.460000
15.460000
15.400000
15.499900
15.500000
15.510000
15.510000
15.500000
15.500000
15.250000
15.310000
15.234800
15.080000
15.159900
15.140000
15.050000
14.990000
15.000000
15.085000
15.130000
15.179900
15.170000
15.070000
15.060000
14.919900
14.680000
14.360000
14.020000
13.860000
13.570000
13.630000
13.730000
13.730000
14.090100
14.220000
14.259900
14.170000
14.390000
14.430000
14.400000
14.370000
14.000000
13.970000
13.800000
13.510000
13.350000
13.390000
13.470000
13.126000
12.970000
13.220000
13.500000
13.840000
13.160000
12.890000
13.050000
13.165000
13.100000
13.020000
13.030000
13.190000
13.359900
13.379900
13.419900
13.370000
13.280000
13.350000
13.060000
13.040000
12.900000
12.740000
12.440000
12.430000
12.220000
12.400000
12.730000
12.800000
12.880000
12.920000
12.870000
12.970000
12.930000
12.970000
13.010000
13.010000
13.040000
13.140000
13.109900
13.093000
13.120000
13.140100
13.170000
13.140000
13.230000
13.420000
13.370000
13.190000
13.170100
13.190000
13.248000
13.310000
13.280100
13.360000
13.410000
13.310100
13.400000
13.460000
13.500000
13.390000
13.440000
13.480000
13.400000
13.420000
13.390000
13.300000
13.130000
13.055100
13.060000
13.089900
13.050100
13.140000
13.200000
13.210000
13.280000
13.320000
13.370000
13.399900
13.470000
13.480000
13.416000
13.360000
13.270000
13.240000
13.200000
13.260100
13.180000
13.128200
13.190000
13.220000
13.280000
13.339000
13.396100
13.490000
13.400000
13.420000
13.370000
13.400000
13.410000
13.500000
13.539900
13.500000
13.310000
13.320000
13.342000
13.410000
13.459000
13.400000
13.370000
13.390000
13.390000
13.390000
13.399900
13.440000
13.450000
13.600000
13.600000
13.640000
13.570000
13.570000
13.690000
13.600000
13.560000
13.500000
13.380000
13.340000
13.290000
13.280000
13.360000
13.390000
13.370000
13.440000
13.490000
13.550000
13.560000
13.560000
13.620000
13.507200
13.471000
13.590000
13.660000
13.668200
13.750000
13.750000
13.750000
13.800000
13.750000
13.700000
13.692000
13.710000
13.640000
13.710000
13.670000
13.640000
13.500000
13.250000
13.230000
13.230000
13.450000
13.620000
13.722000
13.670000
13.420000
12.650000
12.830000
13.170000
13.240000
13.430000
13.550000
13.590000
13.670000
13.680000
13.466200
13.560000
13.510000
13.200000
13.250000
13.290000
13.380000
13.430000
13.490000
13.580000
13.410000
13.470000
13.430000
13.420000
13.360000
13.450000
13.600000
13.770000
14.110000
14.240000
14.170000
14.180000
14.020000
14.010000
14.030000
14.079000
14.050000
14.144400
14.290000
14.321000
14.330000
14.000000
13.890000
14.050000
14.072000
14.190000
14.300000
14.230000
14.229900
14.500000
14.630000
14.640000
14.680000
14.640000
14.720000
14.790000
14.830000
14.770000
14.440000
14.370000
14.250000
14.290000
14.280000
14.240000
14.250000
14.210000
14.240000
14.150000
14.240000
14.440000
14.590000
14.420000
14.550000
14.550000
14.560000
14.680000
14.810000
14.850000
14.850000
14.889900
14.900000
14.899900
15.040000
15.000000
15.200000
15.060000
15.140000
15.180000
15.200000
15.139500
15.170000
15.200000
14.950000
14.900000
15.060000
15.080000
15.070000
15.220000
15.260000
15.191000
15.060000
15.080000
15.140000
15.100000
15.090000
15.120000
15.050000
15.120000
15.220000
15.190000
15.270000
15.250000
15.190000
15.270000
15.240000
15.170000
15.350000
15.190000
15.190000
15.361000
15.630000
15.760000
15.750000
15.820000
15.850000
15.850000
15.800000
15.962000
16.030000
16.050000
16.070000
16.050400
15.760000
15.420000
15.150000
15.190000
15.220000
15.240000
15.340000
15.510000
15.700000
15.530000
15.510000
15.650000
15.780000
15.840000
15.730000
15.730000
15.940000
15.995000
15.890000
15.980000
15.560000
15.040000
14.570000
15.070000
15.140000
15.180000
15.350000
15.150000
15.130000
15.370000
15.650000
15.730000
15.970000
15.870000
15.950000
16.070000
16.054700
16.040000
16.170000
16.040000
15.940000
16.000000
16.010000
16.020000
16.116600
16.010000
15.950000
15.844000
15.980000
16.050000
16.069000
16.030000
16.020000
16.010000
15.960000
15.900000
15.910000
15.970000
15.950000
15.980000
15.980000
15.890000
15.780000
15.940000
15.900000
15.860000
16.000000
15.880000
15.960500
15.940000
15.840100
15.920000
15.980000
16.020000
16.020100
15.990000
15.960000
15.900000
15.960000
15.780000
16.090000
16.199900
16.161000
16.250000
16.140000
16.078000
16.180000
16.200000
16.230000
16.110000
16.170000
16.230000
16.120100
16.260000
16.420000
16.401100
16.580000
16.730000
16.750000
16.681200
16.669900
16.650000
16.700000
16.540000
16.580000
16.480000
16.450000
16.450000
16.386000
16.439900
16.520000
16.550000
16.520000
16.530000
16.520000
16.460000
16.570000
16.510000
16.590000
16.460000
16.480000
16.540000
16.650100
16.620000
16.650000
16.610000
16.780000
16.820000
16.830000
16.780000
16.800000
16.640000
16.670000
16.820000
16.860000
16.790000
16.780000
16.760000
16.790000
16.970000
16.870100
16.900000
16.950000
16.964000
17.030000
17.050000
17.100000
17.190000
17.150000
17.110000
17.240000
17.210000
17.220000
17.250100
17.477500
17.400000
17.420000
17.300000
17.310000
17.550000
17.370000
17.330000
17.200000
17.120000
17.150000
17.050000
16.651700
16.850000
17.040000
16.910000
16.940000
16.870000
16.860000
16.880000
16.820100
16.800000
16.808300
16.960000
16.980000
16.940000
16.890000
16.750000
16.830000
16.764000
16.960000
17.070000
16.870000
16.850000
16.790000
16.744000
16.360000
16.560000
16.719900
16.800000
16.830000
16.752400
16.580000
16.840000
16.902000
16.880000
16.950000
16.860000
16.880000
16.920000
16.930000
16.720000
16.710000
16.470000
16.400000
16.410000
15.860000
15.590000
15.629900
15.782500
16.090000
16.200000
16.200000
15.950000
15.880000
15.950000
15.990000
16.380000
16.370000
16.280000
16.440000
16.464000
16.480000
16.440000
16.400000
16.440000
16.530000
16.630000
16.860000
16.790000
16.690000
16.784000
16.940000
16.990000
16.780000
16.610000
16.580000
16.490000
16.470000
16.400000
16.440000
16.480000
16.610000
16.610000
16.560000
16.580000
16.637600
16.520000
16.600000
16.440000
16.360100
16.439000
16.170000
16.190000
16.210000
16.060000
16.000000
16.010000
16.040000
16.120000
16.060000
16.076000
15.980000
15.790000
15.370000
15.380000
15.021000
14.940000
15.240000
15.240000
15.350000
15.180000
15.200000
15.220100
15.060000
15.109900
15.120000
15.130000
15.180000
15.100000
15.144000
15.239400
15.250000
15.280000
15.250000
15.226000
15.267800
15.260000
15.270000
15.220000
15.410000
15.340000
15.330000
15.500000
15.480000
15.490000
15.500000
15.490000
15.600000
15.530000
15.610000
15.590000
15.660000
15.730000
15.800000
15.740000
15.640000
15.410000
15.480000
15.370000
15.310000
15.330000
15.360000
15.240000
15.250000
15.160000
15.209900
14.990000
14.910000
14.880000
14.710000
14.240000
14.384000
14.380000
14.540000
14.550000
14.290000
13.990000
14.190000
14.039600
14.200100
13.960000
13.926000
13.770000
13.540000
13.450000
13.300000
13.180000
13.710000
14.040000
14.050000
14.096000
13.970000
13.980000
13.536500
13.570000
13.580000
13.430000
13.750000
13.626700
13.600000
13.660000
13.610000
13.730000
13.380000
13.180000
13.410000
13.550000
13.240000
13.270400
13.410000
13.277200
13.310000
13.060000
12.980000
12.932000
12.850000
12.820000
12.770000
12.800000
12.880000
12.750000
12.710000
12.600000
12.550000
12.670000
12.719400
12.599700
12.730000
13.090000
12.960000
12.990000
12.970000
12.841000
12.968500
12.920000
12.860000
12.750000
12.860000
12.789400
12.810100
12.686000
12.759900
12.570000
12.700000
12.850000
13.180000
13.110000
13.100000
13.140000
13.250000
13.250000
13.170000
13.170000
13.180000
13.090000
13.150000
13.020000
12.940000
12.790000
12.790000
12.860000
12.744800
12.730000
12.870000
12.884000
12.900000
13.100000
13.190000
13.110000
13.070000
13.060000
13.091000
13.070000
13.070000
12.990000
13.030000
12.950000
12.800000
12.910000
12.900000
12.920000
12.950000
12.900000
12.902300
12.790100
12.720000
12.700100
12.720200
12.760000
12.840000
12.740000
12.680000
12.620000
12.640000
12.500000
12.480000
12.500000
12.460100
12.526000
12.460000
12.470000
12.520000
12.470000
12.460000
12.473800
12.540000
12.520000
12.530000
12.610000
12.790000
12.740000
13.000000
13.311100
13.230000
13.230000
13.000000
13.240000
13.200000
13.220000
13.280000
13.440000
13.600000
13.590000
13.659900
13.780000
13.850000
13.860000
14.050000
14.210000
14.290000
14.320000
14.560000
14.890000
14.730000
14.280000
14.160000
14.190000
14.200000
14.160000
14.170000
14.160000
14.470000
14.230000
14.470000
14.490000
14.560000
14.440000
14.530000
14.450000
14.510000
14.660000
14.470000
14.480000
14.480000
14.610000
14.630000
14.590000
14.430000
14.410000
14.480000
14.400000
14.380000
14.210000
14.440000
14.400000
14.430000
14.480000
14.460000
14.660000
14.700000
14.510000
14.480000
14.620000
14.700000
14.620000
14.560000
14.630000
14.630000
14.560000
14.470000
14.370000
14.240000
14.260000
14.370000
14.210000
14.230000
14.200000
14.210000
14.120000
14.180000
14.280000
14.300000
14.290000
14.360000
14.510000
14.590000
14.670000
14.700000
14.700000
14.670000
14.680000
14.700000
14.680000
14.680000
14.694000
14.700000
14.680100
14.670000
14.510000
14.570000
14.630000
14.700000
14.780000
14.930000
15.020000
15.090000
15.130000
15.070000
15.140000
15.130000
15.170000
15.140000
15.110000
15.010000
14.810000
14.730000
14.740000
14.760000
14.780000
14.810000
14.900000
14.960000
15.070000
15.100000
15.100000
15.370000
15.230000
15.190100
15.040000
15.090000
15.170000
15.200000
15.060000
14.960000
14.830000
14.830000
14.900000
14.899000
14.950000
14.960000
14.980000
15.120000
15.133700
15.070000
15.190000
15.100000
15.060000
15.077000
14.960000
15.030000
15.060000
15.130000
15.030000
15.037000
14.980000
14.920000
14.830000
14.900000
14.960000
15.040000
15.180000
15.160000
15.170000
15.100000
15.050000
15.100000
15.160000
15.150000
15.150000
15.160000
15.110000
15.150000
15.190000
15.190000
15.210000
15.230000
15.130000
15.120000
15.164900
15.199900
15.200000
15.150000
15.240000
15.220000
15.190000
15.200000
15.110000
15.130000
15.090000
15.090000
15.080000
15.040000
15.080000
15.040000
15.010000
15.020000
15.030000
15.010000
14.970000
15.000000
15.020000
15.000000
15.000000
14.960100
14.970000
14.820000
14.820000
14.830000
14.910000
14.940000
14.950100
14.900000
14.820000
14.770000
14.770000
14.790000
14.770000
14.770000
14.890000
14.779900
14.720000
14.789900
14.730000
14.760000
14.758000
14.720000
14.720000
14.700000
14.670000
14.590000
14.610000
14.500000
14.500000
14.470000
14.470000
14.460000
14.500000
14.470000
14.500000
14.520000
14.580000
14.590000
14.560000
14.550000
14.560000
14.570000
14.500000
14.530000
14.500000
14.509900
14.520000
14.480000
14.450000
14.430000
14.440000
14.400000
14.400000
14.450000
14.430000
14.510000
14.540000
14.580000
14.670000
14.700000
14.760000
14.840000
14.810000
14.820000
14.820000
14.900000
14.840000
14.820000
14.740000
14.790000
14.800000
14.810000
14.820000
14.940000
14.950000
15.030000
15.110000
15.090000
15.090000
15.010000
14.900000
14.840000
14.720000
14.660000
14.640000
14.620000
14.520000
14.570000
14.510000
14.540000
14.560000
14.650000
14.680000
14.700000
14.810000
14.780000
14.710000
14.770000
14.730000
14.640000
14.660000
14.740000
14.690000
14.710000
14.690000
14.650000
14.600000
14.700000
14.660000
14.720000
14.760000
14.760000
14.790000
14.790000
14.822000
14.840000
14.980000
14.850000
14.769900
14.724700
14.800400
14.860000
14.800000
14.819000
14.820000
14.930000
14.940000
14.930000
14.980000
14.950000
14.880000
14.880000
14.897900
14.850000
14.850000
14.910000
14.890000
14.930000
14.889900
14.797000
14.780000
14.690000
14.760000
14.750000
14.720000
14.780000
14.690000
14.690000
14.850000
14.820000
14.830000
14.800000
14.800000
14.700000
14.740000
14.820000
14.920000
14.840000
14.890000
14.780000
14.680000
14.630000
14.590000
14.440000
14.280000
14.250000
14.300000
14.300000
14.410000
14.400000
14.430000
14.510000
14.450000
14.400000
14.180000
14.080000
14.080000
14.050000
13.990000
13.870000
13.870000
13.990000
13.990000
14.070000
14.080000
14.080000
14.040000
13.970000
13.990000
13.970000
13.960000
13.900000
13.860000
13.810000
13.880000
13.860000
13.890000
13.900000
13.900000
13.920000
13.940000
14.008000
13.980000
14.030000
13.960000
14.000000
14.000000
13.980000
14.050000
14.170000
14.160000
14.189900
14.230000
14.250000
14.220100
14.230000
14.290100
14.060000
14.220000
14.160000
14.200000
14.210000
14.370000
14.400000
14.470000
14.410000
14.390000
14.410000
14.420000
14.420000
14.480000
14.440000
14.300000
14.300000
14.360000
14.550000
14.370000
14.350000
14.340000
14.340000
14.380000
14.330000
14.360000
14.400000
14.460000
14.460000
14.550000
14.550000
14.550000
14.550000
14.570000
14.550000
14.565600
14.600000
14.540000
14.690000
14.580000
14.620000
14.640000
14.690000
14.800000
14.860000
14.930000
14.950000
14.920000
14.970000
15.020000
14.870000
14.920000
14.980000
14.950000
14.810000
14.880000
14.930000
14.930000
14.990000
14.920000
14.950000
15.090000
15.120000
15.080000
14.930000
14.840000
14.760000
14.780000
14.850000
14.810000
14.870000
14.670000
14.690000
14.690000
14.720000
14.710000
14.740000
14.700000
14.700000
14.638300
14.720000
14.809900
14.870000
14.770000
14.780000
14.810000
14.840000
14.840000
14.830000
14.870000
14.910000
14.900000
15.000100
15.070000
15.070000
15.180000
15.072000
15.110000
15.050000
14.960000
15.000000
15.010000
14.890000
14.900000
14.990000
14.960000
14.930000
14.980000
15.030000
15.130000
15.100000
15.130000
15.280000
15.230000
15.220000
15.240000
15.230000
15.290000
15.220000
15.200000
15.100000
15.040000
15.060000
14.940000
15.050000
15.170000
15.140000
15.170000
15.140000
15.120000
15.060000
15.030000
15.110000
15.100000
15.070000
15.150000
15.220000
15.230000
15.271000
15.400000
15.320000
15.389900
15.460000
15.530000
15.460000
15.150000
15.180000
15.212000
15.280000
15.350000
15.350000
15.420000
15.410000
15.420000
15.430000
15.460000
15.570000
15.580000
15.570000
15.680000
15.770000
15.680000
15.725700
15.890000
15.810000
15.730000
15.730000
15.760000
15.700000
15.760000
15.830000
15.820000
15.790000
15.720000
15.760000
15.720000
15.770000
15.830000
15.810000
15.815000
15.840000
15.940000
16.250000
16.200000
16.260000
16.110000
15.720000
15.690000
15.750000
15.840000
16.040000
16.050000
15.920000
15.840000
15.990000
16.200000
16.350000
16.310000
16.310000
16.210000
16.200000
16.050000
16.070000
16.050000
16.170000
16.230000
16.180000
16.230000
16.210000
16.150000
16.240000
16.370000
16.530000
16.600000
16.570000
16.580000
16.590000
16.480000
16.450000
16.570000
16.510000
16.490000
16.310000
16.310000
16.270000
16.180000
16.420000
16.480000
16.430000
16.470400
16.260000
16.270000
16.289900
16.450000
16.470000
16.520000
16.650000
16.540000
16.560000
16.650000
16.430000
16.390000
16.450000
16.410000
16.400000
16.370000
16.350000
16.430000
16.520000
16.560000
16.499900
16.400000
16.330000
16.284000
16.150000
16.150000
16.120000
16.110000
16.110000
16.070000
16.070000
16.110000
16.250000
16.260000
16.150000
16.430000
16.400100
16.336400
16.380000
16.420000
16.250000
16.320000
16.350000
16.230000
16.320000
16.230000
16.240000
16.250000
16.110000
16.070000
16.000000
15.880000
15.860000
15.860000
15.840000
15.870000
15.834800
15.560000
15.270000
15.110000
14.930000
15.070000
15.219900
15.241000
15.321000
15.309900
15.350000
15.240000
15.102400
14.880000
14.840000
14.860000
14.960000
14.960000
14.980000
15.000000
15.010000
14.890000
14.580000
14.510000
14.180000
14.237000
14.232800
14.100000
14.050900
14.000000
14.110000
14.020000
14.010100
13.990000
13.920000
14.070000
13.960000
13.950000
13.960000
14.060000
14.264800
14.200000
14.170000
14.270000
14.370000
14.350000
14.100000
14.110000
14.150000
14.120000
14.120000
14.000000
13.970000
13.830000
13.880000
13.930000
13.970000
13.970000
13.980000
14.080000
14.120000
14.220000
14.220000
14.261000
14.290000
14.270000
14.300400
14.280000
14.090000
14.090000
14.180000
14.210000
14.130000
14.140000
14.240000
14.310000
14.369600
14.390000
14.320000
14.320000
14.340000
14.370000
14.390000
14.300000
14.260000
14.270000
14.100000
14.090000
14.120000
14.130000
14.010000
13.970000
14.030000
14.080000
14.020000
14.059900
14.020000
13.970000
13.920000
13.890000
13.828600
13.780000
13.670000
13.660000
13.560000
13.600000
13.690000
13.580000
13.600000
13.670000
13.660000
13.700000
13.720000
13.734300
13.790000
13.810000
13.849000
13.830000
13.830000
13.890000
13.900000
13.920000
13.960000
14.040000
14.020000
14.010000
14.070000
14.080000
14.060000
14.115000
14.010000
14.040000
14.030000
14.010000
13.960000
14.040000
14.070000
14.140000
14.170000
14.200000
14.240000
14.210000
14.240000
14.250000
14.250000
14.250000
14.236500
14.360000
14.350000
14.390000
14.420000
14.310000
14.250000
14.260000
14.220000
14.210000
14.180000
14.220000
14.200000
14.280000
14.380000
14.400000
14.330000
14.400000
14.350000
14.330000
14.350000
14.399200
14.380000
14.395000
14.420000
14.480000
14.510000
14.580000
14.550000
14.600000
14.600000
14.670000
14.620000
14.650000
14.544000
14.600000
14.670000
14.700000
14.570000
14.490000
14.640000
14.738900
14.750000
14.770000
14.850000
14.840000
14.900000
14.760000
14.755000
14.750000
14.630000
14.520000
14.590000
14.600000
14.735000
14.960000
15.060000
14.890000
14.870000
14.790000
14.770000
14.680000
14.650000
14.600000
14.550000
14.520000
14.460000
14.560000
14.610000
14.680000
14.670000
14.691400
14.740000
14.730000
14.820000
14.730000
14.800000
14.710000
14.670000
14.646700
14.650000
14.660000
14.670000
14.670000
14.680000
14.734400
14.690100
14.700000
14.740000
14.710000
14.680000
14.660000
14.530000
14.720000
14.960000
14.850000
14.710000
14.650000
14.700000
14.720000
14.740000
14.640000
14.665000
14.660000
14.650700
14.680000
14.700000
14.630000
14.650000
14.676000
14.610000
14.600000
14.648000
14.500000
14.500000
14.468300
14.325700
14.220000
14.220000
14.260000
14.257600
14.370000
14.310000
14.460000
14.300000
14.350100
14.350000
14.331400
14.270000
14.330000
14.327000
14.330000
14.290000
14.300000
14.090000
14.180000
14.070000
14.100000
14.150000
14.100000
14.090000
14.110000
14.100000
14.100000
14.100000
14.180000
14.210000
14.110000
14.180000
14.160000
14.200000
14.150000
14.155000
14.060000
14.070000
14.000000
14.120000
14.000000
14.020000
14.050000
14.050000
14.040000
14.150000
14.230000
14.200000
14.175000
14.200000
14.140000
14.160000
14.200000
14.160000
14.190000
14.185000
14.180000
14.090000
13.990000
13.930000
13.980000
13.950000
13.910000
13.890000
13.700000
13.670000
13.630000
13.420000
13.380000
13.420000
13.490000
13.490000
13.450000
13.470000
13.500000
13.450000
13.410000
13.440000
13.410000
13.350000
13.480000
13.490000
13.470000
13.443500
13.480000
13.440000
13.380000
13.340000
13.410000
13.400000
13.400000
13.400000
13.370000
13.400000
13.380000
13.387900
13.400000
13.340000
13.380000
13.400000
13.400000
13.360000
13.340000
13.400000
13.370000
13.360000
13.430000
13.450000
13.460000
13.430000
13.490000
13.400000
13.410000
13.430000
13.320000
13.360000
13.360000
13.393700
13.500000
13.450000
13.440000
13.350000
13.360000
13.310000
13.331000
13.340000
13.350000
13.380000
13.380000
13.380000
13.350000
13.330000
13.310000
13.330000
13.320000
13.359800
13.320000
13.250000
13.259300
13.230000
13.250000
13.270000
13.220000
13.241000
13.300000
13.320000
13.370000
13.380000
13.400000
13.430000
13.490000
13.470000
13.450000
13.450000
13.480000
13.390000
13.440000
13.400000
13.370000
13.300000
13.310000
13.240000
13.290000
13.272000
13.310000
13.330000
13.320000
13.360000
13.330000
13.260000
13.260000
13.330000
13.280000
13.210000
13.230000
13.240000
13.210000
13.370000
13.360000
13.430000
13.490000
13.560000
13.620000
13.530000
13.520000
13.515000
13.510000
13.520000
13.510000
13.537400
13.520000
13.380000
13.440000
13.450000
13.450100
13.430000
13.440000
13.439900
13.455000
13.455000
13.462000
13.500000
13.470000
13.460000
13.480000
13.490000
13.400000
13.350000
13.370200
13.340000
13.300000
13.380000
13.370000
13.470000
13.430000
13.450000
13.360000
13.270000
13.310000
13.230000
13.200000
13.180000
13.160000
13.050000
12.950000
12.980000
12.850000
12.830000
12.810000
12.840000
12.790000
12.780000
12.760000
12.760000
12.690000
12.590000
12.470700
12.440000
12.434200
12.450000
12.370000
12.310000
12.330000
12.310000
12.380000
12.340000
12.390000
12.360000
12.269900
12.210000
12.230000
12.230000
12.240000
12.150000
12.190000
12.150000
12.200000
12.230000
12.250000
12.230000
12.270000
12.310000
12.350500
12.380000
12.450000
12.410000
12.410000
12.400000
12.360000
12.370000
12.220000
12.340000
12.200000
12.230000
12.310000
12.350000
12.400000
12.490000
12.610000
12.640000
12.678600
12.670000
12.580000
12.550000
12.460000
12.430000
12.410000
12.320000
12.380000
12.259400
12.170000
12.200000
12.130000
12.180000
12.200000
12.270000
12.680000
12.720000
12.690000
12.700000
12.760000
12.770000
12.770000
12.820000
12.830000
12.840000
12.800000
12.820000
12.870000
12.841400
12.960000
13.170000
13.080000
13.050000
13.020000
13.110000
13.160000
13.170000
13.180000
13.110000
13.140000
13.090000
13.150000
13.100000
13.180000
13.140000
13.200000
13.170000
13.480000
13.450000
13.350000
13.270000
13.270000
13.320000
13.320000
13.320000
13.310000
13.260000
13.300000
13.270000
13.335000
13.290000
13.325000
13.339900
13.370000
13.380000
13.360000
13.280000
13.360000
13.400000
13.350000
13.450000
13.460000
13.460000
13.490000
13.520000
13.430000
13.450000
13.430000
13.440000
13.400000
13.390000
13.410000
13.420000
13.470000
13.430000
13.400000
13.410000
13.340000
13.370000
13.340000
13.270000
13.340000
13.380000
13.410000
13.460000
13.480000
13.510000
13.560000
13.480000
13.540000
13.590000
13.650000
13.630000
13.660000
13.620000
13.630000
13.610000
13.600000
13.590000
13.590000
13.570000
13.590000
13.570000
13.640000
13.670000
13.700000
13.720000
13.650000
13.710000
13.760000
13.690000
13.690000
13.700000
13.750000
13.770000
13.693600
13.677900
13.680000
13.700000
13.710000
13.690000
13.725000
13.690000
13.680000
13.730000
13.690000
13.700000
13.740000
13.750000
13.740000
13.750000
13.720000
13.730000
13.730000
13.710000
13.820000
13.820000
13.890000
13.860000
13.870000
13.830000
13.890000
13.930000
13.890000
13.900000
13.870000
13.850000
13.800000
13.830000
13.840000
13.785000
13.890000
13.880000
13.890000
13.930000
13.940000
13.982700
13.990000
14.030000
14.010000
14.040000
14.050000
14.120000
14.120000
14.080000
14.060000
13.980000
14.000000
14.040000
14.050000
14.120000
14.020000
14.090000
14.150000
14.190000
14.080100
14.100000
14.110000
13.980000
14.050000
13.970000
13.860000
13.920000
13.865000
14.030000
13.949300
13.920000
13.940000
14.020000
14.040000
14.140000
14.180000
14.190000
14.190000
14.200000
14.180000
14.100000
14.050000
14.100000
14.110000
14.090000
14.280000
14.340000
14.320000
14.270000
14.280000
14.290000
14.010000
14.020000
14.040000
14.020000
13.970000
13.890000
13.940000
13.940000
13.990000
14.030000
14.040000
14.040000
14.080000
14.080000
14.030000
14.070000
14.080000
14.050000
14.080000
14.030000
14.100000
14.070000
14.110000
14.050000
14.080000
14.020000
13.990000
14.000000
14.040000
14.010000
14.070000
14.090000
14.090000
14.110000
14.110000
14.140000
14.130000
14.090000
14.090000
14.080000
14.160000
14.110000
14.120000
14.010000
14.050000
14.080000
14.040000
14.060000
14.030000
14.100000
14.070000
14.070000
14.080000
14.170000
14.230000
14.240000
14.260000
14.300000
14.290000
14.340000
14.340000
14.395000
14.410000
14.340000
14.380000
14.400000
14.470000
14.450000
14.430000
14.450000
14.530000
14.450000
14.480000
14.550000
14.580000
14.590000
14.570000
14.580000
14.550000
14.540000
14.550000
14.630000
14.710000
14.690000
14.690000
14.700000
14.760000
14.765200
14.530000
14.260000
14.450000
14.520000
14.690000
14.700000
15.000000
14.640000
14.490000
14.120000
12.765000
12.860000
12.470000
12.420000
10.220000
11.060000
11.520000
11.110000
11.450000
12.010000
12.730000
12.650000
13.150000
13.050000
12.550000
12.380000
12.170000
12.300000
12.270000
12.550000
12.880000
12.970000
13.300000
13.090000
13.120000
13.040000
12.970000
13.000000
13.210000
12.930000
12.730000
12.440000
12.450000
12.620000
12.580000
12.680000
12.720000
13.490000
13.310000
13.350000
13.420000
13.410000
13.360000
13.240000
13.100000
13.170000
13.280000
13.250000
13.250000
13.200000
13.210000
13.230000
13.190000
13.320000
13.450000
13.540000
13.630000
13.570000
13.570000
13.510000
13.555000
13.580000
13.630000
13.430000
13.430000
13.370000
13.390000
13.340000
13.330000
13.340000
13.330000
13.380000
13.330000
13.350000
13.260000
13.240000
13.200000
13.270000
13.300000
13.440000
13.450000
13.590000
13.680000
13.750000
13.840000
13.850000
13.910000
13.780000
13.850000
13.870000
