20.320000
20.390000
20.340000
20.340000
20.660000
20.740000
20.740000
20.740000
20.510000
20.479900
20.480000
20.480000
20.620000
20.800800
20.530000
20.820000
20.750000
20.528200
20.250000
20.390000
20.570800
20.416000
20.196300
20.010000
20.010000
20.260000
20.450000
20.580000
20.190000
20.190000
19.850000
19.850000
19.670000
19.570000
19.670000
19.670000
19.320000
19.320000
19.620000
19.390800
19.510000
19.629900
19.880000
19.850000
19.720000
19.620000
19.610000
19.610000
20.067800
20.220000
20.450000
20.480000
20.589900
20.805500
20.570000
20.570000
20.290000
20.300000
20.200000
20.200000
19.710000
19.710000
20.081200
20.080000
20.310000
20.230000
20.055500
19.500000
19.500000
19.500000
19.080000
18.740000
18.329900
17.550000
17.420000
16.340000
16.424000
16.320000
16.946000
16.970000
17.480000
17.280000
17.279900
17.130000
17.130000
16.120000
16.120000
16.840000
16.640000
16.830000
17.420000
17.670000
17.910000
17.597000
17.600000
16.450000
17.330000
17.220000
17.220000
16.480000
16.480000
16.480000
17.635700
17.659900
17.660000
17.660000
16.730000
15.890000
16.040000
16.084000
16.084000
16.345000
16.240000
16.220000
16.220000
15.352800
16.170000
16.680000
16.650000
17.054000
17.050000
17.050000
17.150000
17.150000
17.150000
17.610000
17.430000
17.220000
17.220000
18.640000
18.150000
18.311200
19.530000
19.370000
18.720000
18.210000
18.490000
18.950000
18.820000
19.050000
19.360000
18.450000
18.600000
19.205600
18.890000
19.130000
18.820000
18.310000
18.390400
17.830000
17.830000
17.830000
17.830000
17.750000
17.800000
18.728000
18.854000
18.800000
19.240000
19.017000
18.970000
18.460000
18.820000
18.399000
18.440000
17.790000
17.980000
18.080000
17.918000
18.490000
18.500000
18.660000
18.880000
18.949000
18.350000
18.710000
18.710000
19.040000
18.920000
19.056000
19.056000
19.157500
19.343900
19.300000
19.449200
19.216500
19.332000
19.520000
19.730000
19.840000
19.902900
20.050000
20.210000
19.993000
20.288000
20.090000
19.870000
20.360000
20.410000
20.877500
20.740000
20.800000
20.800000
20.800000
20.624000
20.760000
20.586000
20.850000
21.089200
21.126800
21.030000
20.960000
20.960000
21.088000
21.110000
21.160000
21.060400
20.995000
20.810000
20.810000
20.165000
20.469500
20.469500
21.020000
20.880000
21.260000
21.349500
21.349500
21.492400
21.619900
21.420000
21.320000
21.062400
21.239500
21.570000
21.548700
21.430000
21.214000
21.290000
21.429200
21.280000
21.000000
20.970000
20.660000
20.153600
20.370000
20.826000
20.430000
20.420000
20.860000
20.709100
20.570000
20.641100
20.394000
20.422000
20.761000
20.926400
21.090000
21.020000
21.158000
20.993000
20.920000
20.270000
20.216000
20.174000
20.087500
20.179000
20.130000
19.938000
19.884800
19.610000
19.240400
18.990000
19.180000
19.340000
19.096000
19.250000
19.540000
19.760000
19.384800
19.360000
18.830000
18.580000
18.876000
19.332500
19.260000
19.410000
19.120000
19.250000
18.932200
19.080000
19.200000
19.230000
19.680000
19.640000
19.080000
19.210000
18.811800
18.890000
19.180000
19.390000
19.940000
19.978000
20.350000
20.190000
20.150000
19.972300
19.651700
19.533500
19.530000
19.830000
19.700000
19.700000
19.830000
20.060000
19.770000
19.490000
19.041200
19.040000
19.417200
19.886500
19.880000
19.820000
19.630000
19.240000
19.710000
19.947000
20.125200
20.160000
20.289800
20.250000
20.220000
20.180100
20.150000
20.360000
20.575600
20.575600
20.622500
20.480000
20.220000
20.230000
20.230000
20.280000
20.320000
20.119900
20.248300
20.106600
20.380000
20.820000
21.160000
21.110000
21.116500
21.171400
21.444700
21.840000
21.590000
21.320000
21.440000
21.313600
21.376000
21.249000
20.750000
20.660000
20.850000
20.812400
20.750000
20.708100
20.670000
20.890000
21.090000
20.970000
20.640000
20.530000
20.740000
20.740000
20.669000
21.010000
21.010000
21.010000
20.830000
20.713400
20.518300
20.626400
20.570000
20.646400
20.576000
21.190000
20.780000
20.880100
21.210000
20.665400
20.486000
20.480000
20.470000
20.330000
19.984500
19.770000
19.970000
20.200000
20.260000
20.440000
20.641700
20.683000
20.780000
20.766500
21.069900
21.000100
21.000000
21.000000
21.298700
21.298700
21.140000
21.319700
21.520000
21.630000
21.325600
21.380000
21.600000
21.960000
22.100000
22.130000
21.700000
21.670000
21.660000
21.390000
21.380000
21.582900
22.290000
22.208100
22.340100
22.333400
22.150000
22.190000
22.390000
22.330000
22.214300
22.510000
22.480000
22.560100
22.650000
22.860000
22.910000
23.140000
23.200100
23.280000
23.280000
23.080000
23.250000
23.420000
23.139900
23.300000
23.398000
23.474000
23.680000
23.640000
23.780000
23.910000
24.020000
23.930000
24.180000
23.820000
23.570000
23.790000
23.290000
23.360000
23.669900
23.667000
23.430000
23.470000
23.728200
23.810000
24.010000
24.250000
24.310000
24.320000
24.450000
24.660000
24.700000
24.550000
24.480000
24.710000
24.440000
24.420000
24.445900
24.590000
24.720000
24.800000
24.424000
24.270000
23.990000
24.090000
24.090000
24.240000
24.318800
24.650000
24.720000
24.570000
23.779900
24.038600
23.631000
23.470000
23.690000
23.700000
24.039900
24.230000
24.280000
24.098800
24.328800
24.510000
24.050000
24.280000
24.634000
24.694000
24.930000
24.960000
25.028000
25.130000
25.000000
25.220000
25.380000
25.270000
25.510000
25.640000
25.750000
25.370000
25.269900
25.280000
25.520000
25.480000
25.676300
25.740000
25.430000
25.273300
25.030000
25.130000
25.420000
25.500000
25.240000
24.989900
25.470000
25.240000
25.460100
25.608000
25.362400
24.690000
24.580000
24.390000
24.510000
24.680000
25.010000
24.986000
25.269000
25.169000
25.225500
25.610000
25.690000
25.960000
26.030000
26.270000
26.300000
26.440000
26.280000
26.360100
26.670000
26.630000
26.760000
26.780000
26.590000
26.640000
26.680000
26.530000
26.555000
26.678000
27.240000
27.075900
27.044000
26.820000
26.690000
26.829900
26.780000
26.778000
26.830000
26.740000
26.340000
26.289900
26.060000
26.290000
26.030000
26.290000
26.316000
26.474000
25.930000
25.945800
26.076000
26.010000
25.490000
25.792000
25.960000
25.930000
26.239900
26.440000
26.558000
26.420000
26.589600
26.760000
26.880000
27.130000
27.050000
26.861700
26.828600
26.889900
26.902000
26.960000
26.930000
26.910000
27.290000
27.180000
27.046500
27.220000
26.979000
26.708100
26.580000
27.110000
27.340000
27.460000
27.300000
27.484000
27.760000
28.090000
28.040000
28.250000
28.130000
28.210000
28.230100
28.350000
28.480000
28.339900
28.190000
28.148800
28.434700
28.355000
28.354000
28.035100
28.230000
28.550000
28.423800
28.810000
28.761000
28.890000
28.729000
28.610000
28.530000
28.876000
28.945000
28.830000
28.860000
28.810000
28.880000
28.790000
28.630000
28.649900
28.460000
28.781800
28.770000
28.745500
28.240000
28.280000
28.370000
28.620000
28.460000
28.910000
28.720000
29.120000
29.270000
29.480000
29.500000
29.590000
29.552500
29.642000
29.214000
29.292000
29.120000
29.420000
29.394000
29.500000
29.700000
29.220000
29.642000
29.830000
29.760000
29.670000
29.820000
29.930000
29.600300
28.900000
28.770000
28.858100
28.540000
28.902000
28.800000
27.816600
27.958100
27.780100
28.176800
28.380000
28.431900
28.780000
28.830000
28.989000
29.200000
29.390000
29.264000
29.400100
29.570000
29.650000
29.560000
29.780000
29.907500
30.028000
29.740000
30.190000
30.130000
30.309900
30.310000
30.320000
29.980000
29.950000
29.720500
29.834000
30.080000
30.399900
30.130000
30.275000
30.461900
30.170000
30.210000
29.890000
29.800000
30.060000
30.529000
30.690000
30.906000
30.780000
30.410000
29.910000
30.047400
30.230100
29.840000
29.570000
29.609000
29.910000
30.100000
30.120000
30.090000
30.380000
30.490000
30.458000
30.180000
30.170000
30.070000
30.349900
30.310000
30.470000
30.386000
30.170000
30.250000
30.280000
30.358800
30.820000
30.760000
30.470000
30.210000
30.266000
30.370000
30.129200
30.259900
30.430000
30.560000
30.670500
30.690000
30.782000
30.810000
30.870000
30.890000
31.040000
31.310000
31.520000
31.680000
31.652500
31.500000
31.350000
31.430000
31.450000
31.720000
31.824000
31.880000
31.920000
31.900000
31.660000
31.736000
31.700000
31.930000
32.080000
32.330000
32.100000
32.240000
31.980000
31.840000
31.760000
31.620000
31.456000
31.590000
31.519700
31.470000
31.120000
31.460000
31.310000
31.470000
31.400000
31.380000
31.130000
31.100000
30.960000
30.780000
30.255000
30.110000
30.250000
30.144600
30.190000
29.998000
30.410000
30.500000
30.430000
30.690000
30.750000
30.756500
31.099900
31.270000
31.400000
31.500000
31.470000
31.600000
31.710000
31.730000
31.620000
31.770000
31.830000
31.710000
31.560000
31.690000
31.650000
31.410000
31.432600
31.620000
31.350000
31.320000
31.370000
31.480000
31.472200
31.180000
30.812200
30.426800
30.430000
30.020000
30.190000
29.920000
29.750000
29.190000
29.330000
29.450000
29.374000
29.059900
29.370000
28.650000
28.352400
28.031000
28.290000
28.438300
28.560000
28.700000
28.950000
29.710000
29.450000
29.800000
29.850000
29.740000
30.372000
30.160000
30.213400
30.790000
30.570800
30.470000
30.651200
30.850000
30.990000
30.960000
30.960000
31.120000
30.840000
30.890000
30.819800
30.950000
30.760000
31.010000
31.219900
31.280000
31.330000
31.180000
30.850000
30.520000
30.710000
31.040000
30.810000
30.900000
30.590000
30.770000
30.170000
30.240000
29.770000
29.602000
29.550000
30.090000
30.620000
30.888000
30.890000
31.010000
31.140000
31.230000
31.550000
31.290000
30.980000
30.720000
30.140000
29.620000
29.970000
30.370000
30.010000
29.601200
29.370000
29.286200
28.820000
29.240000
29.190000
29.577200
30.000000
29.780000
30.140000
30.040000
29.500000
29.670000
29.530000
29.910000
30.830000
30.440000
30.920000
30.950000
31.010000
31.020000
30.910000
31.190000
31.539000
31.549900
31.535600
31.640000
31.759900
31.460000
31.600000
31.588000
31.438800
31.370000
31.310000
31.250100
31.200000
31.119000
30.800000
30.770000
30.368100
30.500000
30.780000
30.554000
30.748000
30.830000
31.352000
31.040000
31.375200
31.490000
31.394000
30.983000
30.844000
30.830000
31.400000
31.140000
31.203600
31.370000
31.870000
31.700000
31.620000
31.810800
31.898000
31.749800
31.910000
32.440000
32.176000
31.732500
32.010000
31.780000
31.830000
32.100000
31.843400
31.720000
32.070000
32.065600
31.857600
32.050000
32.194000
31.800000
31.600100
31.551100
31.979000
32.011200
32.042000
32.065200
32.200800
32.150000
32.430000
32.150000
32.250000
32.370000
32.260000
31.730000
31.891400
31.844500
31.630000
31.529300
31.780000
31.994300
31.670000
31.752600
31.610000
31.520900
32.030000
32.038000
31.939900
31.620000
31.830000
31.820000
31.840000
31.800000
31.942000
32.036000
31.719900
31.519800
31.607200
30.890000
30.787600
30.660000
30.680000
30.377000
30.770000
30.180000
30.260000
30.430000
30.670100
30.910000
30.477400
30.559600
30.140100
29.950000
29.703700
29.572800
29.445600
29.050000
28.780000
29.239900
29.670000
29.604000
29.540000
29.310000
29.239000
29.340000
29.419900
29.190000
29.850800
29.660000
29.669900
29.400000
29.580000
29.770000
29.569000
29.240000
28.590000
28.152000
26.985000
26.810000
27.319200
28.115600
28.390000
28.530900
27.540000
27.800000
28.020000
27.719300
28.250100
27.918800
27.950000
27.940000
27.750000
28.120100
28.570000
28.510000
27.880000
27.950000
27.570000
27.299900
27.210000
27.276000
26.600000
26.670000
26.940000
26.860000
27.350800
28.250000
28.400100
28.760000
29.360000
29.310000
28.987000
28.779900
28.522000
28.600000
28.762000
28.525600
28.716100
28.373400
28.470000
28.640000
28.370000
27.820000
28.470000
28.330000
28.400000
29.020000
29.250000
29.145900
29.100000
29.108900
28.870000
28.931000
28.650100
27.910000
27.750000
28.140000
27.910100
28.240500
28.401900
28.380000
28.460000
28.843700
28.873400
28.850000
28.770000
28.980000
28.480000
28.110000
28.110000
27.508100
27.284900
27.100000
27.240000
26.642400
26.340000
26.682000
26.931200
26.500000
26.020000
26.090000
26.600000
26.990000
27.060000
26.721000
27.040000
26.791000
26.450000
26.190000
26.090000
25.540000
24.860000
24.805700
24.480000
24.512800
23.720000
24.170000
23.680000
23.440000
23.290000
23.450000
24.062100
23.329200
24.140000
23.950000
24.149900
24.960000
24.900000
24.120000
24.364000
24.750000
24.355000
23.960000
23.900000
23.910000
23.375000
23.860000
24.296400
24.830100
24.855000
24.650100
25.030000
24.885800
24.970000
25.110000
25.309900
25.335100
25.690000
26.200000
26.780000
27.125000
27.590000
26.820000
27.000000
26.917300
27.492400
27.347200
27.180000
27.508200
28.040000
28.101200
28.128200
28.020000
27.440000
27.620000
27.550000
28.000000
28.048500
28.170000
28.140000
27.700000
27.370000
27.660000
27.240000
27.390500
27.560000
27.802900
28.391300
28.310000
28.310000
28.460000
28.620000
28.749900
28.590000
28.769900
28.650000
28.960000
29.230000
28.826400
28.594000
28.740000
28.220000
27.930000
27.872000
27.960000
28.030000
28.349900
28.128500
27.890000
27.500000
27.782800
27.574000
27.420000
27.488300
27.880000
27.810000
28.200000
28.581700
28.620000
28.730000
28.870000
28.910000
28.990100
28.896800
29.260000
29.387400
29.500000
29.276000
28.740000
28.422400
28.121200
28.213300
28.075000
28.180000
28.612700
28.507200
28.399600
28.850000
27.617000
26.424700
26.940000
27.470000
27.910000
28.139900
27.510000
27.690000
27.750000
28.430000
28.668000
29.129900
29.079900
29.197200
29.260000
29.370000
29.210000
29.460000
29.378000
29.582200
29.468000
29.590000
29.470000
29.470000
29.491200
29.299500
28.800000
29.046000
29.110700
29.646400
29.669000
29.543100
29.426500
29.623200
29.566200
29.909000
29.680000
29.649000
29.785000
29.880000
29.839500
30.070000
29.860000
29.910000
29.690000
29.966000
29.975000
29.868000
29.720000
30.030000
29.930000
30.120000
30.129500
29.279300
29.620000
29.110000
28.955500
29.260000
29.130000
29.340000
29.178200
29.360000
29.659800
29.499500
29.260000
29.260000
29.581800
29.400000
29.746800
29.515200
29.490000
29.813600
29.790000
29.630700
29.850000
29.439900
29.490000
29.317100
29.312600
29.210000
29.448900
29.650000
29.430000
29.374400
29.531200
29.310800
29.297000
29.122000
29.040300
29.221000
28.920000
28.780000
28.630000
28.890800
29.210100
29.281000
30.040000
30.727300
30.864400
31.590100
31.705000
31.680000
31.765000
31.802900
31.968200
32.290000
32.420000
32.499900
32.340000
32.200000
32.240000
32.400000
32.298000
32.706800
33.099900
33.541700
33.950000
33.940000
33.710000
33.727600
33.264800
33.460000
33.388900
33.582700
33.720000
33.530000
33.220000
33.260000
33.445600
33.010000
33.090000
32.920000
33.200000
33.840000
33.450000
33.370000
33.118700
33.380000
33.430000
33.240000
33.390000
33.130000
33.260000
32.960000
33.150000
33.000000
33.570000
33.840000
33.710000
33.469900
33.181000
33.330000
33.285400
33.170000
33.550000
33.340000
33.260000
33.240000
33.560000
33.840000
33.910000
34.032700
34.180000
34.010000
33.989000
34.322000
34.175100
34.020000
34.094400
34.340000
33.870000
34.418500
34.140000
34.100000
33.820000
33.510000
33.590000
33.300000
33.540000
33.540000
33.380000
33.850000
33.847900
33.790000
33.540000
33.010000
32.820000
32.866300
32.830000
32.790000
33.155000
33.263700
33.535000
33.440000
33.110000
33.020000
32.780000
33.030000
33.022400
33.164400
33.180000
32.940000
32.590000
32.920000
32.990000
33.077400
33.400000
33.350000
33.700000
33.905000
34.064000
33.864000
33.430000
33.390000
33.254400
33.069800
33.090000
33.350000
33.268500
33.060000
33.230000
33.040000
32.700000
32.890000
32.736000
32.280000
32.225200
32.420000
32.560000
32.570000
32.670000
32.655000
32.670000
32.510000
32.427800
33.032200
33.100000
32.879000
32.780000
32.670100
32.962400
33.208100
33.381000
33.570000
33.390000
33.337500
33.128200
33.400400
33.100000
32.829200
32.808700
32.940000
33.139900
33.070000
33.390000
33.300000
33.401900
33.604800
33.308000
33.140000
33.270000
33.180000
33.107900
33.350000
33.500000
33.740000
33.775000
33.549300
33.858200
33.948600
33.860000
33.732300
34.070000
33.850000
33.780000
33.610000
33.665000
33.720000
33.568500
33.440200
33.660500
33.730000
33.669900
33.340000
32.850000
32.860800
33.159600
32.962500
32.950000
32.360000
32.360000
32.280000
32.458000
32.580000
32.530000
32.892000
32.749600
32.740000
32.959900
33.100000
33.480000
32.885000
33.074400
32.735000
33.037600
33.360000
33.667700
33.810000
33.600100
33.840000
33.920000
33.900000
34.079900
33.825000
33.875000
34.086000
34.212800
34.417300
34.470000
34.415000
34.646900
34.770000
34.737200
34.810000
34.656800
34.440000
34.567100
34.480000
34.458800
34.515000
34.476600
34.415000
34.631000
34.633200
34.920000
34.710000
34.789900
34.540100
34.759900
34.750000
34.590000
34.665000
34.754500
34.660000
34.520000
34.605000
34.310600
34.405000
34.385000
34.385500
34.420000
34.360000
34.300000
34.587800
34.740000
34.990000
34.880000
34.985000
34.975000
34.940000
35.171800
35.880000
35.995000
35.880000
36.240000
35.990000
35.720000
35.758500
35.960000
35.960000
35.951800
35.969700
35.400000
35.910400
36.230000
36.150000
36.305200
36.314000
36.246200
36.335000
36.290000
36.380000
36.271000
36.390000
36.458400
36.595000
36.640000
36.815000
36.836800
36.652100
37.200000
37.380000
37.020000
37.290000
37.090000
37.340000
37.490000
37.590000
37.522400
37.205000
37.460000
37.197000
36.765000
36.600000
36.490000
35.897300
34.850000
34.890000
34.990000
34.110000
34.350000
34.440000
34.580000
35.210000
35.390000
35.570000
35.130000
35.040000
35.161000
35.400000
35.605400
35.120000
34.660000
34.440000
35.000000
35.220000
35.460000
35.500200
35.297200
35.645000
35.920800
35.825000
35.471700
35.225000
35.570000
35.039500
35.070000
35.303100
34.730000
33.870000
34.009300
34.570000
34.360000
34.699300
33.770000
34.540000
34.872000
35.110000
34.335300
34.480000
34.795000
34.753000
34.910000
34.815000
34.930000
35.185000
35.435000
35.210000
34.929000
34.940000
34.736600
34.860000
34.885200
34.880000
34.675000
34.660000
34.690000
34.445000
34.880000
35.087600
34.800000
35.145000
35.349900
35.327800
35.347900
35.340000
35.730400
35.910000
35.760000
36.120000
35.930000
35.879400
35.950000
35.899900
35.633000
36.200000
35.890000
36.060000
36.190000
36.278000
36.424000
36.575400
36.575400
36.889400
36.775600
36.600000
36.560000
36.709900
36.642700
36.728400
36.975000
36.675600
36.626200
36.010000
36.340000
35.950000
35.880000
35.980000
35.879500
36.212400
36.198000
36.648700
36.648700
36.840000
36.505000
36.476000
36.535000
36.242600
36.365000
36.450000
36.619200
36.460000
36.525000
36.265000
36.110500
36.593100
36.369000
36.451500
36.651500
36.490000
36.640000
36.678000
36.989900
37.150800
37.047800
37.025000
36.800000
36.414400
36.898400
36.470400
37.044100
37.250000
37.394100
37.838400
37.730000
37.478100
37.530000
37.740900
37.770000
37.795000
37.502200
37.421400
37.510000
37.610000
37.291700
37.140000
37.296100
37.318300
37.309200
37.410000
37.380000
37.220000
37.268900
37.160000
37.650000
37.587900
37.125000
37.154000
36.927200
36.790000
36.810000
36.440000
36.482100
36.670000
36.260000
36.198000
36.470000
36.100000
35.730000
34.690000
34.340000
34.783000
35.116900
35.100000
34.590000
34.410000
34.276100
34.071600
32.790000
33.260000
32.980000
32.799500
33.740000
33.820000
34.555900
34.300300
34.570000
34.940000
35.340000
35.190000
34.840000
34.710100
34.967300
34.276200
34.481000
34.380000
34.139400
33.470000
33.815000
34.060000
34.240000
34.130000
34.529600
34.710000
34.801800
35.039300
34.020000
33.216500
32.960000
32.809900
32.775000
32.920000
32.498200
32.113500
31.260000
31.110000
30.470000
30.120000
29.600000
29.154200
30.200000
30.290000
30.320000
30.450000
30.490000
30.260000
31.260000
31.780000
32.190000
32.590000
32.685000
32.780000
32.790000
32.767900
33.090000
33.560000
33.915500
33.230000
33.060000
33.330000
33.910000
33.821100
34.033600
34.295500
34.304000
34.339700
34.540000
34.810000
34.702000
34.276600
34.114100
34.287500
34.913200
34.931400
35.030000
35.360000
35.583100
35.730000
35.590100
35.910100
35.860000
35.520000
35.560000
35.350000
35.542400
35.590000
35.365000
34.810000
34.375000
34.120000
34.605800
34.624000
34.899900
34.757000
34.760000
34.897200
34.671500
34.450000
34.790000
33.880000
33.660000
34.040000
34.250000
34.399900
34.557100
35.080000
34.999300
35.120000
35.488400
35.815000
35.809900
35.208200
35.552200
35.559600
35.940000
35.771300
35.929900
35.804400
35.790000
35.420000
35.971000
36.104100
35.720000
35.950000
36.041400
35.940000
35.916000
35.461500
36.150000
36.006500
35.198300
35.131300
35.052300
34.838300
33.740000
34.240000
34.324000
34.330000
34.195900
33.672000
34.243600
33.800000
32.941800
33.164300
33.008100
32.681200
32.644100
31.940000
32.280000
33.490000
33.323300
33.510000
33.520000
33.668800
33.852000
33.580000
33.895800
33.642400
33.470300
34.030000
33.896300
34.169900
34.100200
33.836700
33.597000
33.728900
34.080000
34.490000
34.624900
34.390000
34.693500
34.810200
34.402200
34.261100
34.231500
34.138300
34.487000
34.360000
34.590000
34.137300
34.128300
34.310000
34.067100
34.570100
35.150000
34.641000
34.776900
34.660000
34.892200
34.620000
33.482900
33.102900
32.160000
32.294100
32.240000
32.800000
32.380000
31.746600
32.323800
30.979000
30.754000
31.530000
31.998000
31.650000
31.879900
31.948700
30.897300
31.071600
30.650000
31.006000
31.644900
31.776300
31.210000
31.810000
32.530000
32.564800
33.140000
33.990000
34.530000
34.410000
34.550000
34.610000
34.209200
33.940000
34.090000
33.872500
33.940100
33.411700
33.630000
33.481400
33.350000
33.615000
32.915200
32.338900
32.290000
32.580000
32.605000
31.940000
32.049300
32.304400
33.230000
32.990000
33.489400
33.321400
33.479600
33.460000
33.939500
33.890000
34.285000
34.120000
34.500000
34.740000
34.850000
34.410000
34.080000
34.770000
35.430000
35.700000
35.420400
35.655000
35.612900
35.540000
35.420000
35.228000
35.380000
35.408800
35.225000
35.113800
34.880000
34.717900
34.890000
35.325000
35.270000
35.415400
35.161100
35.050000
34.500000
34.780000
34.885000
35.365000
35.345000
35.221300
35.290000
35.890000
35.363800
35.640000
35.905000
36.030000
36.082500
36.198900
36.195000
36.165400
36.166600
35.995000
35.970000
36.020000
35.780000
35.785000
35.699300
35.665000
35.680000
35.510000
35.406200
35.637500
35.795000
35.765700
36.176600
36.149600
35.768700
35.700000
35.880000
35.335000
34.780500
35.064900
34.905300
34.820000
34.063900
34.250000
34.674200
35.499300
35.204400
34.760000
34.710000
35.100000
35.410300
35.393100
35.202300
35.010500
35.116500
35.364700
35.032100
33.800100
32.472900
31.715000
30.573000
30.087800
30.914200
30.009900
30.850300
29.384800
28.861000
25.859200
26.807400
25.005000
22.156500
23.210000
20.485300
21.010000
18.984200
20.007200
18.936600
18.128400
20.140000
21.058800
22.135200
21.200000
21.370600
21.087600
19.590000
19.820600
19.177800
20.933800
21.490600
22.830000
24.110000
23.134500
23.224900
21.938600
21.412800
22.800000
22.117400
21.650000
21.766000
22.221000
22.518400
23.724900
24.560700
26.300000
25.317000
23.907100
23.980000
23.815300
23.223600
23.781500
24.987000
24.366000
23.412300
22.174800
22.645600
22.760100
24.943100
24.406900
25.141000
25.378700
25.237800
26.727400
28.056200
27.330000
26.472900
27.214000
27.669400
29.035300
29.898800
31.775200
33.397400
31.930000
30.226100
27.285000
28.386100
28.754200
29.583000
28.775500
28.819700
28.990000
28.376400
28.496600
26.998400
26.770000
26.160900
27.230000
27.580000
27.010000
27.070000
27.380000
26.760000
26.650000
25.740000
26.610000
26.640000
26.840000
28.070000
27.920000
27.700000
27.180000
