18.000000
18.250000
18.250000
18.250000
18.500000
18.500000
18.500000
18.500000
18.500000
18.500000
18.000000
18.000000
18.000000
18.000000
17.750000
17.500000
17.500000
17.500000
17.500000
17.250000
17.250000
17.250000
17.250000
17.250000
17.500000
17.500000
17.500000
17.500000
17.440000
16.810000
16.810000
16.250000
17.000000
17.000000
16.750000
16.750000
16.750000
16.750000
16.750000
16.250000
16.310000
16.750000
16.250000
16.450000
16.450000
16.000000
15.750000
15.750000
15.750000
15.750000
16.000000
16.000000
16.000000
16.000000
16.000000
16.250000
16.000000
15.750000
15.750000
15.750000
15.750000
15.750000
15.500000
15.500000
15.500000
15.500000
15.500000
15.500000
15.410000
15.410000
15.410000
15.410000
15.630000
15.620000
15.630000
15.380000
15.630000
15.250000
15.250000
15.250000
15.250000
15.630000
15.250000
15.630000
15.000000
15.000000
14.750000
14.750000
14.750000
14.750000
14.750000
14.750000
14.750000
14.750000
14.750000
15.000000
15.000000
15.000000
13.250000
15.000000
15.000000
15.000000
15.000000
14.880000
14.750000
14.750000
14.560000
14.560000
14.560000
14.560000
14.560000
15.000000
15.000000
15.000000
14.500000
14.500000
15.000000
15.000000
14.750000
15.000000
14.750000
14.750000
14.750000
15.000000
15.000000
15.000000
14.500000
14.750000
14.750000
14.880000
14.880000
14.870000
14.870000
14.870000
14.870000
14.870000
14.750000
14.500000
14.500000
14.500000
14.500000
14.630000
14.920000
14.630000
15.000000
15.000000
14.870000
15.000000
15.000000
15.000000
15.000000
14.750000
15.130000
15.130000
15.130000
15.130000
15.130000
14.880000
14.870000
14.870000
14.870000
14.870000
14.870000
14.870000
15.250000
15.250000
15.060000
15.060000
15.060000
15.060000
15.000000
15.000000
15.000000
15.000000
15.000000
14.880000
14.750000
14.750000
14.750000
14.750000
14.750000
14.500000
14.880000
14.870000
14.870000
14.870000
14.880000
14.880000
14.870000
14.870000
14.630000
15.000000
15.000000
15.000000
15.000000
15.250000
15.250000
15.500000
15.500000
15.500000
15.500000
15.500000
15.500000
15.500000
15.380000
15.380000
15.500000
15.500000
15.500000
15.500000
15.500000
15.500000
15.500000
15.500000
15.500000
15.500000
15.500000
15.750000
16.000000
16.000000
16.000000
16.000000
15.130000
15.130000
15.130000
15.130000
15.000000
15.000000
15.500000
15.380000
15.750000
15.750000
15.750000
15.000000
15.000000
15.000000
15.000000
15.000000
15.000000
15.130000
15.130000
15.130000
15.130000
15.130000
15.000000
15.000000
14.750000
14.750000
14.750000
15.000000
15.000000
15.000000
15.000000
15.000000
14.750000
14.750000
14.750000
14.750000
14.750000
15.000000
15.000000
15.500000
15.500000
15.500000
15.500000
15.500000
15.500000
15.500000
15.250000
15.250000
15.250000
15.250000
15.250000
15.750000
15.250000
15.250000
15.250000
15.250000
15.250000
15.250000
15.250000
15.250000
15.250000
15.250000
15.250000
15.250000
15.250000
15.440000
15.440000
15.440000
15.500000
15.500000
15.500000
15.310000
15.310000
15.310000
15.310000
15.250000
15.000000
15.310000
15.310000
15.690000
15.690000
15.690000
15.690000
15.310000
15.500000
15.630000
15.500000
15.500000
15.750000
15.750000
15.630000
15.380000
15.500000
15.380000
15.380000
15.380000
15.380000
15.250000
15.250000
15.250000
15.750000
15.750000
15.750000
15.500000
15.500000
15.500000
15.380000
15.380000
15.380000
15.380000
15.380000
15.130000
15.500000
15.500000
15.250000
15.630000
15.620000
15.630000
15.630000
15.620000
15.500000
15.500000
15.500000
15.500000
15.500000
15.500000
15.500000
15.500000
15.500000
15.500000
15.500000
15.500000
15.500000
15.250000
15.630000
15.750000
15.750000
15.750000
15.750000
16.000000
16.000000
16.000000
16.000000
15.620000
15.620000
15.450000
15.450000
15.450000
15.750000
15.750000
16.250000
16.250000
16.250000
16.250000
16.250000
16.250000
16.750000
16.750000
16.750000
16.750000
16.750000
16.750000
17.000000
17.000000
17.000000
16.450000
17.000000
17.000000
16.550000
16.700000
16.550000
16.700000
16.550000
16.700000
16.700000
16.700000
16.700000
16.700000
16.950000
16.950000
16.950000
17.500000
17.200000
17.200000
17.200000
17.900000
17.900000
17.900000
17.900000
17.300000
17.400000
17.400000
17.400000
17.400000
18.000000
17.850000
18.500000
18.500000
18.450000
18.150000
18.000000
18.100000
18.400000
18.400000
17.750000
17.750000
17.750000
17.750000
18.000000
18.500000
20.200000
20.200000
20.200000
20.200000
20.000000
19.500000
19.750000
19.750000
20.000000
20.000000
21.400000
21.000000
21.500000
20.400000
21.000000
21.000000
21.000000
21.000000
21.450000
20.500000
21.450000
20.800000
21.250000
20.600000
20.600000
20.500000
21.250000
20.500000
21.050000
21.050000
21.050000
21.050000
20.510000
20.510000
20.250000
21.100000
20.550000
20.500000
20.500000
20.500000
20.500000
20.150000
19.950000
19.950000
20.200000
20.000000
20.000000
20.400000
20.740000
20.000000
20.020000
20.500000
21.200000
21.200000
21.200000
21.000000
21.000000
21.000000
21.000000
20.250000
21.000000
21.000000
21.990000
21.000000
21.000000
21.000000
21.250000
20.500000
20.100000
20.100000
20.480000
20.500000
21.000000
21.000000
22.000000
22.050000
22.050000
22.050000
21.150000
21.750000
21.750000
21.750000
21.500000
21.880000
21.550000
21.550000
21.550000
21.550000
21.550000
21.500000
21.500000
21.900000
21.900000
22.000000
22.000000
22.250000
22.250000
21.020000
21.700000
21.700000
21.700000
21.700000
21.700000
22.000000
22.200000
21.750000
21.750000
22.100000
22.100000
22.100000
22.100000
22.100000
22.100000
22.100000
22.180000
22.200000
23.200000
23.750000
23.000000
24.000000
23.100000
24.000000
23.390000
23.000000
23.000000
23.100000
23.100000
24.000000
24.100000
23.200000
24.500000
23.200000
24.240000
24.000000
24.200000
23.200000
23.200000
23.200000
24.380000
24.380000
24.380000
25.000000
25.000000
24.890000
24.880000
24.550000
23.500000
24.880000
24.880000
25.380000
25.500000
26.210000
25.770000
26.000000
26.400000
26.100000
26.950000
26.950000
27.250000
27.250000
27.250000
27.400000
27.050000
27.500000
27.150000
27.050000
27.050000
27.500000
28.150000
28.000000
28.150000
27.750000
27.970000
27.970000
27.500000
27.500000
27.350000
27.350000
28.000000
27.750000
27.600000
27.600000
28.750000
28.050000
28.000000
28.000000
28.000000
28.000000
28.400000
28.750000
28.750000
28.400000
29.170000
29.550000
30.400000
31.500000
31.500000
31.500000
31.500000
31.490000
29.100000
30.250000
30.250000
29.100000
30.200000
30.200000
30.200000
29.100000
29.020000
29.020000
30.000000
30.100000
30.100000
30.000000
30.000000
30.000000
29.250000
30.000000
30.250000
29.200000
29.200000
29.200000
29.200000
29.750000
29.750000
29.750000
28.420000
28.420000
28.750000
28.750000
28.550000
28.500000
28.500000
28.500000
28.250000
29.750000
29.500000
29.750000
29.750000
29.750000
29.940000
29.930000
29.940000
29.930000
28.780000
28.770000
28.600000
28.600000
28.010000
27.950000
26.240000
25.600000
26.800000
26.150000
26.500000
26.710000
27.000000
26.600000
26.600000
27.710000
27.700000
27.700000
27.700000
27.700000
27.700000
28.000000
28.000000
28.000000
28.000000
29.000000
28.990000
30.230000
30.300000
30.290000
28.550000
30.280000
30.300000
30.300000
30.000000
30.000000
29.250000
30.000000
30.300000
30.300000
30.300000
29.260000
30.480000
30.470000
29.100000
29.010000
29.010000
29.500000
29.000000
30.500000
30.700000
27.800000
30.990000
30.990000
28.800000
28.800000
29.000000
28.750000
28.750000
28.750000
28.060000
27.100000
27.000000
27.000000
27.850000
28.550000
29.690000
28.500000
28.500000
28.980000
29.500000
29.700000
29.700000
29.700000
29.700000
29.600000
29.600000
30.000000
30.500000
30.990000
30.990000
30.000000
32.000000
31.900000
32.400000
32.400000
31.750000
31.750000
31.750000
31.000000
31.040000
30.300000
30.860000
30.890000
30.270000
30.050000
30.000000
30.000000
30.060000
31.000000
31.000000
30.460000
30.250000
30.130000
30.000000
30.000000
29.550000
29.550000
29.300000
29.120000
29.120000
29.570000
29.810000
30.000000
30.000000
29.510000
29.510000
30.280000
31.480000
32.000000
32.000000
30.000000
30.280000
30.500000
31.740000
32.500000
32.500000
32.000000
32.000000
32.000000
31.600000
31.750000
32.000000
33.000000
32.640000
33.840000
33.840000
33.840000
33.850000
33.260000
33.250000
33.250000
33.970000
33.500000
33.900000
33.850000
33.850000
33.850000
33.500000
33.480000
33.480000
33.480000
34.000000
34.000000
35.300000
36.260000
36.850000
36.250000
36.500000
36.000000
35.750000
35.400000
35.000000
35.500000
36.500000
34.750000
36.500000
36.500000
35.660000
35.160000
35.500000
35.500000
34.050000
33.550000
33.550000
33.550000
33.550000
33.550000
33.550000
33.950000
33.950000
34.100000
35.100000
35.100000
35.250000
35.500000
35.500000
35.250000
35.250000
35.000000
35.000000
35.000000
34.650000
34.650000
35.000000
34.520000
34.520000
34.500000
35.000000
34.900000
34.900000
35.000000
35.180000
34.930000
35.200000
35.100000
35.250000
35.250000
35.500000
36.200000
38.050000
38.900000
37.900000
38.750000
38.020000
37.400000
37.850000
37.850000
37.300000
37.450000
38.050000
37.500000
37.450000
38.050000
38.050000
37.700000
37.700000
37.700000
37.750000
38.380000
38.410000
39.000000
40.100000
40.100000
41.000000
41.000000
41.000000
40.500000
40.250000
40.250000
40.250000
40.890000
39.180000
39.180000
39.530000
39.250000
39.250000
39.490000
39.940000
39.730000
40.000000
40.000000
40.000000
40.000000
39.900000
40.000000
40.140000
40.140000
40.000000
40.000000
40.340000
40.380000
40.700000
40.470000
40.500000
40.500000
40.500000
40.900000
39.760000
40.600000
39.770000
40.000000
40.000000
41.450000
41.450000
41.450000
40.110000
41.620000
41.610000
41.520000
41.520000
42.000000
42.000000
42.000000
42.050000
42.050000
42.500000
42.330000
42.330000
42.330000
42.630000
42.720000
42.720000
42.720000
42.750000
42.740000
42.440000
42.440000
42.440000
42.750000
42.570000
42.570000
42.570000
42.570000
42.670000
41.950000
43.000000
43.000000
42.560000
43.000000
42.560000
43.060000
43.060000
43.060000
43.060000
43.180000
43.180000
43.180000
43.180000
42.560000
43.180000
43.180000
42.850000
42.850000
42.850000
42.500000
43.600000
43.600000
43.590000
44.000000
45.000000
44.500000
45.000000
45.000000
45.000000
44.800000
45.000000
45.000000
47.250000
47.250000
47.250000
49.000000
49.000000
49.000000
48.020000
47.030000
47.250000
48.150000
48.150000
48.150000
48.150000
48.150000
47.500000
48.080000
48.080000
48.080000
48.080000
47.600000
48.100000
48.100000
48.600000
48.600000
48.500000
48.500000
48.500000
48.500000
48.500000
48.500000
51.050000
49.010000
49.900000
49.900000
49.900000
49.900000
48.500000
48.100000
48.010000
49.500000
48.200000
47.120000
48.500000
48.500000
48.000000
48.000000
49.000000
47.350000
47.500000
48.800000
48.880000
48.000000
48.470000
48.000000
47.750000
48.500000
48.410000
48.500000
48.250000
49.500000
49.500000
48.250000
48.250000
49.000000
48.750000
48.750000
48.750000
48.000000
45.500000
47.250000
47.170000
48.000000
48.000000
48.150000
48.000000
48.000000
48.500000
46.530000
46.630000
46.640000
46.740000
46.740000
46.740000
46.740000
45.000000
46.000000
45.000000
44.500000
45.000000
45.500000
46.000000
47.250000
47.850000
47.750000
48.000000
48.000000
48.020000
48.020000
46.850000
47.000000
47.000000
47.500000
47.000000
47.040000
46.750000
46.900000
46.900000
47.700000
46.750000
46.750000
46.000000
45.250000
47.990000
49.600000
52.220000
52.000000
52.000000
52.700000
52.000000
53.000000
52.060000
52.410000
54.060000
53.750000
51.000000
52.500000
52.190000
52.430000
53.750000
53.000000
52.990000
53.980000
55.000000
55.990000
56.980000
55.030000
56.940000
20.000000
21.650000
24.000000
23.350000
21.700000
21.220000
20.450000
19.500000
20.150000
19.050000
19.000000
19.510000
20.250000
20.380000
20.400000
19.560000
19.700000
19.750000
19.500000
19.500000
19.280000
19.700000
19.250000
19.140000
19.140000
19.250000
18.640000
18.830000
18.830000
18.470000
18.460000
18.200000
17.890000
17.200000
17.250000
17.500000
17.200000
17.750000
17.750000
17.200000
17.300000
17.250000
17.250000
17.250000
17.890000
18.400000
17.500000
17.750000
18.980000
18.500000
18.250000
18.250000
18.250000
17.750000
17.500000
18.740000
18.800000
17.500000
17.500000
18.750000
18.500000
18.900000
18.500000
19.230000
19.200000
19.350000
19.300000
19.340000
19.300000
19.350000
19.250000
19.450000
19.390000
19.390000
19.450000
19.300000
19.300000
19.400000
19.000000
19.450000
19.450000
19.490000
19.490000
19.250000
19.250000
19.250000
19.000000
18.890000
18.630000
18.630000
19.000000
19.200000
18.050000
17.900000
18.300000
18.000000
18.000000
18.000000
17.900000
18.380000
17.990000
17.990000
17.930000
17.760000
18.050000
18.000000
18.000000
17.950000
18.000000
17.770000
18.000000
18.000000
17.980000
18.000000
17.960000
17.800000
17.150000
17.150000
17.750000
17.600000
17.600000
17.600000
17.900000
17.900000
17.710000
17.510000
17.790000
17.700000
17.690000
17.750000
17.700000
17.890000
17.950000
17.750000
18.090000
17.810000
18.000000
17.960000
18.150000
18.140000
18.140000
18.250000
18.250000
18.110000
18.110000
18.110000
17.600000
17.450000
17.400000
17.030000
17.500000
17.500000
17.050000
17.250000
17.500000
17.390000
17.600000
17.020000
17.000000
17.120000
16.960000
17.000000
16.900000
16.850000
17.010000
16.880000
17.000000
17.250000
17.300000
17.100000
17.210000
17.010000
17.240000
17.220000
17.100000
17.100000
17.230000
17.370000
17.430000
17.450000
17.450000
17.520000
17.500000
17.500000
17.360000
17.500000
17.500000
17.500000
17.480000
17.350000
17.460000
17.300000
17.120000
17.000000
17.150000
17.280000
17.240000
17.250000
17.400000
17.100000
17.400000
17.400000
17.350000
17.750000
17.250000
17.700000
17.250000
17.000000
17.000000
17.000000
17.000000
17.350000
17.500000
16.760000
16.760000
16.960000
16.950000
16.800000
16.430000
16.400000
16.250000
16.440000
16.400000
16.500000
16.410000
16.100000
16.410000
16.700000
16.700000
16.950000
16.710000
17.000000
16.410000
16.710000
16.920000
16.660000
16.800000
16.610000
16.880000
16.930000
16.720000
16.550000
16.740000
16.550000
16.590000
16.750000
16.750000
16.550000
16.530000
16.740000
16.940000
16.430000
16.610000
16.700000
16.520000
16.350000
16.250000
16.420000
16.560000
16.500000
16.250000
16.490000
16.500000
16.550000
16.480000
16.520000
16.370000
16.500000
16.500000
16.570000
16.650000
17.000000
17.000000
17.150000
17.450000
17.400000
17.400000
17.880000
17.760000
17.690000
17.320000
17.350000
17.630000
17.500000
17.400000
17.390000
17.640000
17.600000
17.940000
17.910000
17.540000
17.920000
18.000000
18.100000
18.490000
18.530000
18.750000
18.720000
18.800000
18.450000
18.600000
18.830000
18.750000
18.890000
19.270000
19.270000
19.340000
18.910000
19.390000
19.500000
19.500000
19.890000
19.800000
19.500000
19.500000
19.290000
19.250000
19.250000
19.150000
18.830000
18.750000
18.710000
18.850000
19.490000
19.250000
19.430000
19.100000
19.500000
19.490000
19.050000
19.070000
19.330000
19.180000
19.000000
19.000000
19.050000
19.250000
19.430000
19.250000
19.500000
19.250000
19.250000
19.250000
19.000000
18.950000
18.850000
18.850000
19.430000
18.500000
18.110000
18.940000
18.220000
18.220000
18.150000
18.490000
18.400000
18.250000
18.500000
18.200000
17.810000
18.150000
18.250000
18.150000
18.050000
18.250000
18.250000
18.300000
17.990000
18.200000
17.810000
17.810000
17.910000
18.100000
17.600000
17.890000
18.290000
17.260000
17.300000
18.350000
18.290000
18.600000
18.160000
17.850000
18.200000
18.200000
18.170000
17.500000
17.330000
17.500000
17.250000
17.250000
17.500000
17.980000
18.200000
18.400000
18.400000
18.400000
17.500000
18.000000
17.580000
17.550000
17.620000
17.300000
17.320000
17.250000
17.160000
17.190000
17.150000
17.500000
17.690000
17.690000
17.690000
17.670000
17.100000
17.100000
17.100000
17.250000
17.350000
17.520000
17.590000
17.890000
17.170000
17.500000
17.730000
17.600000
17.850000
17.690000
17.820000
17.500000
17.550000
17.350000
17.800000
17.600000
17.840000
17.640000
17.350000
17.250000
17.540000
17.540000
17.750000
17.470000
17.700000
17.800000
17.750000
17.750000
17.500000
17.450000
17.650000
17.500000
17.500000
17.600000
17.680000
17.450000
17.500000
17.460000
17.460000
17.540000
17.440000
17.450000
17.480000
17.590000
17.590000
17.700000
17.460000
17.720000
17.660000
17.620000
17.400000
17.350000
17.300000
17.250000
16.980000
16.790000
16.700000
16.500000
17.000000
17.420000
17.100000
17.000000
16.700000
16.630000
16.610000
16.450000
16.690000
16.760000
16.620000
16.730000
16.820000
16.760000
16.900000
16.900000
16.750000
16.660000
16.510000
16.790000
16.650000
16.580000
16.460000
16.890000
16.760000
16.550000
16.550000
16.620000
16.620000
17.000000
16.770000
17.190000
16.750000
17.490000
17.450000
17.000000
16.720000
16.980000
16.990000
16.850000
16.880000
16.850000
16.850000
17.000000
16.600000
16.980000
17.250000
17.100000
16.700000
16.830000
16.970000
17.000000
17.000000
17.000000
16.750000
17.000000
17.040000
17.250000
17.450000
17.240000
17.500000
17.490000
17.100000
17.280000
17.010000
17.010000
17.200000
17.300000
17.580000
17.750000
17.630000
16.930000
17.060000
17.630000
17.630000
17.450000
17.550000
17.440000
17.600000
17.800000
17.500000
17.990000
17.470000
17.750000
17.590000
17.320000
17.300000
17.510000
17.400000
17.440000
17.750000
17.440000
17.520000
17.550000
17.350000
17.450000
17.350000
17.350000
17.010000
17.610000
17.610000
17.450000
16.620000
16.980000
17.000000
16.750000
16.750000
16.710000
16.810000
17.090000
17.100000
17.000000
16.920000
16.920000
17.400000
17.010000
16.600000
16.840000
16.870000
16.870000
16.800000
16.840000
16.860000
16.840000
16.750000
16.890000
16.770000
16.670000
16.390000
16.500000
16.530000
16.500000
16.450000
16.450000
16.730000
16.660000
16.850000
16.650000
16.700000
16.490000
16.610000
16.850000
16.640000
16.600000
16.410000
16.610000
16.630000
16.650000
16.750000
16.770000
16.610000
16.500000
16.680000
16.590000
16.520000
16.720000
16.520000
16.610000
16.600000
16.750000
16.580000
16.590000
16.790000
16.950000
17.000000
16.720000
16.720000
16.520000
16.550000
16.800000
16.790000
16.790000
16.700000
16.680000
16.910000
16.720000
16.630000
16.750000
16.640000
16.630000
16.700000
16.700000
16.700000
16.490000
16.610000
16.610000
16.410000
16.310000
16.320000
16.480000
16.480000
16.210000
16.550000
16.540000
16.500000
16.530000
16.590000
16.540000
16.550000
16.550000
16.360000
16.350000
16.500000
16.500000
16.360000
16.360000
16.490000
16.500000
16.300000
16.400000
16.400000
16.450000
16.580000
16.480000
16.570000
16.570000
16.500000
16.370000
16.360000
16.360000
16.360000
16.360000
16.240000
16.120000
16.270000
16.060000
16.110000
16.190000
15.950000
15.950000
15.950000
16.200000
16.000000
15.890000
15.990000
15.900000
15.920000
15.780000
15.920000
15.950000
15.850000
16.050000
16.000000
16.110000
15.910000
16.050000
16.040000
16.050000
16.120000
16.100000
16.150000
16.250000
16.150000
16.150000
16.350000
16.170000
16.140000
16.360000
16.170000
16.270000
16.310000
16.180000
16.340000
16.180000
16.250000
16.100000
16.230000
16.250000
16.220000
16.220000
16.150000
16.320000
16.300000
15.970000
16.000000
16.000000
16.130000
15.970000
15.930000
15.990000
16.000000
16.160000
15.970000
16.000000
15.650000
15.990000
16.080000
16.270000
15.850000
15.920000
16.050000
15.950000
16.050000
16.370000
16.200000
16.290000
16.270000
16.250000
16.500000
17.000000
17.500000
16.670000
16.660000
16.880000
16.890000
16.350000
16.500000
16.500000
16.500000
16.520000
16.520000
16.340000
16.300000
16.470000
16.600000
16.150000
15.940000
16.000000
16.000000
15.850000
16.000000
15.850000
15.550000
15.740000
15.650000
15.600000
15.450000
14.670000
15.000000
15.740000
15.300000
15.400000
14.750000
15.190000
15.660000
15.260000
15.570000
15.230000
15.480000
15.320000
15.250000
15.270000
15.230000
15.250000
16.000000
15.340000
15.240000
15.310000
14.900000
14.530000
15.220000
14.890000
15.000000
14.890000
14.600000
15.040000
15.010000
15.000000
15.330000
15.050000
15.160000
15.010000
15.080000
15.150000
15.190000
15.270000
15.350000
15.500000
15.350000
15.200000
15.200000
15.050000
15.360000
15.320000
15.720000
15.750000
15.560000
15.160000
15.000000
15.120000
15.120000
15.450000
15.500000
15.160000
15.340000
15.260000
15.260000
15.370000
15.220000
15.170000
15.250000
15.240000
15.000000
15.180000
14.850000
15.230000
15.000000
15.050000
14.790000
14.560000
15.000000
14.550000
14.990000
14.470000
14.880000
14.850000
14.850000
14.550000
14.500000
14.450000
14.690000
14.680000
14.770000
14.650000
14.520000
14.520000
14.380000
14.590000
14.590000
14.590000
14.740000
14.300000
14.310000
14.400000
14.300000
14.540000
14.640000
15.010000
14.630000
14.580000
14.750000
14.430000
14.160000
14.480000
14.560000
14.580000
14.750000
14.500000
14.250000
14.690000
14.580000
14.550000
14.450000
14.500000
14.640000
14.530000
14.640000
14.790000
14.780000
14.650000
14.550000
14.490000
14.490000
14.650000
14.650000
14.700000
14.670000
14.600000
14.650000
14.660000
14.570000
14.500000
14.900000
14.800000
14.680000
14.680000
14.710000
14.500000
14.790000
14.810000
14.810000
14.690000
14.600000
14.640000
14.700000
14.600000
14.650000
14.600000
14.830000
14.720000
14.720000
15.060000
14.810000
15.000000
15.060000
15.160000
15.160000
15.150000
15.590000
15.410000
15.450000
15.440000
15.500000
15.420000
15.740000
15.800000
15.450000
15.400000
15.900000
15.870000
15.870000
16.000000
15.720000
15.800000
16.140000
16.310000
16.750000
16.770000
16.970000
16.870000
17.070000
17.050000
16.980000
17.250000
17.250000
16.710000
16.880000
17.130000
17.080000
16.720000
17.170000
17.200000
16.930000
16.930000
17.070000
17.050000
17.150000
17.200000
17.230000
17.250000
17.880000
17.470000
17.250000
17.750000
17.720000
17.100000
17.180000
17.180000
17.250000
17.020000
17.000000
17.000000
16.590000
16.130000
16.330000
15.910000
15.350000
15.890000
15.800000
15.350000
14.290000
13.650000
13.360000
13.190000
13.680000
13.020000
14.200000
14.400000
14.650000
14.170000
14.290000
15.140000
15.900000
16.240000
16.150000
16.400000
17.880000
18.700000
18.770000
18.990000
17.890000
17.920000
18.160000
18.330000
18.670000
17.220000
18.910000
18.160000
17.420000
18.130000
15.470000
17.190000
18.930000
18.250000
18.080000
18.250000
18.200000
17.860000
17.860000
18.540000
17.120000
17.460000
17.360000
18.420000
18.170000
18.260000
17.990000
16.930000
17.100000
18.050000
17.540000
18.370000
17.770000
16.940000
16.930000
18.180000
16.910000
19.050000
21.000000
20.000000
20.470000
19.670000
20.900000
21.830000
19.550000
19.600000
21.520000
21.780000
21.490000
21.750000
20.270000
17.420000
16.210000
21.780000
21.450000
19.020000
18.010000
18.030000
17.850000
18.250000
17.630000
16.910000
17.670000
16.700000
16.000000
16.900000
17.260000
17.510000
18.000000
17.990000
17.500000
16.560000
15.880000
16.600000
16.330000
17.670000
16.980000
18.380000
16.700000
15.990000
15.860000
14.100000
13.020000
14.180000
16.800000
16.690000
19.750000
19.040000
15.750000
17.540000
18.620000
17.280000
19.040000
20.000000
18.180000
17.710000
16.000000
16.800000
16.720000
19.060000
19.140000
18.150000
19.940000
18.730000
18.360000
18.410000
18.490000
17.210000
18.090000
19.890000
18.910000
19.090000
19.000000
18.350000
19.090000
18.090000
17.590000
17.390000
16.270000
17.130000
17.740000
15.690000
16.560000
15.600000
15.700000
16.980000
16.930000
17.350000
16.030000
15.930000
17.250000
17.210000
16.600000
17.170000
17.900000
17.280000
16.090000
15.610000
15.670000
15.950000
15.570000
15.160000
14.460000
14.570000
13.890000
14.730000
13.810000
11.970000
11.650000
11.000000
11.000000
11.300000
10.930000
11.240000
10.900000
13.650000
12.810000
15.610000
15.980000
16.210000
16.580000
17.720000
16.010000
13.500000
17.010000
15.950000
17.590000
16.450000
14.800000
14.620000
15.860000
17.190000
17.500000
16.750000
15.280000
15.370000
15.900000
16.460000
16.800000
16.420000
17.330000
17.950000
17.790000
16.410000
17.500000
17.290000
16.100000
17.480000
16.630000
16.430000
17.520000
17.450000
16.350000
16.770000
15.730000
15.840000
15.190000
16.710000
16.800000
15.710000
15.320000
16.260000
16.380000
17.680000
16.840000
16.810000
15.970000
15.450000
16.830000
15.990000
16.250000
16.920000
17.480000
17.980000
18.000000
17.480000
18.000000
17.810000
17.720000
16.270000
17.160000
17.040000
16.220000
16.060000
16.630000
17.500000
17.180000
16.460000
16.110000
16.110000
18.300000
21.780000
19.390000
19.470000
20.000000
18.910000
18.960000
18.890000
17.860000
17.800000
18.840000
19.020000
19.010000
19.050000
18.930000
18.690000
19.010000
18.790000
19.450000
19.260000
19.250000
19.250000
19.320000
19.190000
19.310000
19.570000
19.620000
19.960000
19.900000
19.120000
19.480000
19.650000
19.540000
19.960000
20.000000
19.880000
19.870000
19.970000
19.980000
19.880000
20.000000
19.940000
19.760000
19.740000
19.710000
19.090000
18.640000
17.500000
18.350000
18.410000
18.800000
19.120000
19.160000
18.670000
18.490000
18.690000
18.740000
19.460000
19.710000
20.000000
19.360000
19.850000
19.380000
18.680000
18.110000
19.530000
19.300000
18.600000
18.280000
18.000000
18.050000
18.320000
18.260000
17.960000
18.430000
17.910000
17.550000
18.330000
18.380000
18.160000
18.300000
17.990000
17.320000
17.370000
16.700000
16.520000
16.690000
16.500000
16.320000
15.610000
15.850000
15.620000
15.010000
15.400000
15.380000
15.750000
15.760000
15.530000
15.020000
15.100000
16.370000
16.490000
16.180000
15.610000
15.690000
16.500000
16.490000
16.160000
15.490000
15.030000
15.220000
15.920000
15.480000
16.260000
16.600000
16.270000
15.880000
15.810000
15.360000
15.990000
15.420000
15.400000
15.350000
15.730000
15.740000
15.640000
15.450000
15.490000
15.720000
15.680000
15.470000
15.420000
15.590000
14.950000
15.000000
15.220000
15.200000
15.090000
14.950000
15.360000
15.100000
15.070000
15.350000
14.820000
13.730000
14.320000
14.220000
14.130000
14.040000
13.950000
14.070000
14.160000
13.900000
13.910000
13.390000
13.770000
13.390000
13.670000
13.820000
14.190000
14.090000
13.980000
13.850000
13.990000
13.840000
14.180000
14.040000
14.220000
14.110000
14.170000
14.440000
14.250000
14.230000
14.350000
14.760000
14.600000
14.700000
14.780000
14.830000
14.520000
14.840000
14.900000
14.950000
14.960000
15.780000
15.990000
15.800000
15.560000
15.750000
15.440000
15.830000
16.260000
15.940000
16.040000
16.020000
15.850000
15.780000
15.590000
15.740000
15.240000
15.580000
15.600000
16.080000
15.950000
15.770000
16.180000
16.100000
16.160000
16.050000
16.070000
15.730000
15.620000
15.890000
15.890000
15.970000
15.310000
14.720000
14.150000
13.870000
15.040000
15.980000
16.360000
16.030000
16.080000
15.960000
15.420000
15.060000
14.180000
14.500000
14.330000
14.440000
14.300000
14.750000
14.720000
14.280000
14.780000
15.110000
13.850000
13.960000
14.070000
14.070000
14.220000
14.210000
13.990000
14.550000
14.530000
14.800000
15.240000
15.050000
14.620000
15.010000
14.530000
13.140000
13.410000
13.240000
13.130000
12.770000
12.640000
12.390000
12.670000
12.730000
13.240000
12.850000
13.480000
13.390000
13.270000
12.350000
12.550000
12.960000
12.370000
13.500000
14.180000
13.970000
13.860000
13.880000
14.030000
14.000000
14.080000
13.900000
14.210000
13.980000
14.020000
14.470000
14.250000
13.380000
13.480000
13.110000
13.380000
13.550000
13.340000
13.000000
12.870000
12.860000
12.840000
12.980000
12.820000
13.120000
13.160000
13.200000
13.220000
13.420000
13.610000
13.060000
13.320000
13.180000
13.190000
13.350000
13.290000
13.340000
13.150000
13.340000
13.460000
13.270000
13.210000
13.000000
13.620000
13.660000
13.890000
13.890000
13.830000
13.930000
13.620000
13.700000
13.590000
13.590000
13.710000
13.660000
13.690000
13.880000
13.930000
14.170000
14.080000
13.600000
14.060000
13.900000
14.130000
13.940000
14.070000
13.680000
13.600000
13.880000
13.530000
13.930000
14.020000
14.760000
14.800000
14.650000
14.590000
14.560000
14.550000
14.350000
14.530000
14.440000
14.580000
14.430000
14.500000
14.180000
13.810000
14.200000
14.080000
14.230000
13.990000
14.400000
14.400000
14.400000
14.630000
14.700000
14.560000
14.630000
14.920000
14.970000
15.080000
15.160000
15.670000
15.390000
15.560000
15.380000
15.630000
15.630000
15.940000
15.890000
15.850000
15.720000
15.790000
15.860000
15.600000
15.430000
15.790000
15.350000
15.410000
15.820000
15.760000
15.560000
15.860000
15.840000
15.550000
15.240000
15.130000
15.110000
15.110000
15.480000
15.560000
14.530000
14.770000
15.220000
15.040000
14.940000
14.650000
14.750000
14.630000
14.620000
14.630000
14.770000
14.640000
14.470000
14.620000
14.840000
14.810000
14.390000
14.370000
14.700000
15.000000
14.610000
14.530000
14.620000
14.730000
14.620000
14.470000
14.700000
14.800000
14.160000
14.400000
14.100000
13.780000
13.520000
13.650000
13.860000
14.140000
14.310000
14.750000
14.750000
15.260000
14.950000
15.020000
15.390000
15.250000
15.320000
15.360000
15.390000
15.700000
15.410000
15.020000
14.600000
14.290000
14.130000
14.100000
14.530000
14.160000
14.110000
14.110000
14.170000
14.180000
14.730000
14.750000
14.720000
14.850000
14.720000
14.360000
14.010000
14.000000
14.000000
14.160000
14.300000
14.110000
14.190000
14.000000
13.890000
14.320000
14.530000
14.460000
14.130000
14.070000
13.920000
14.290000
14.460000
14.310000
14.450000
13.890000
14.060000
13.970000
13.830000
14.030000
14.090000
13.960000
13.810000
13.820000
14.250000
13.920000
14.020000
14.150000
14.180000
14.450000
14.210000
14.780000
14.570000
14.940000
15.030000
14.930000
14.860000
14.730000
14.660000
14.670000
14.840000
14.710000
14.600000
14.790000
14.840000
14.810000
14.860000
14.820000
14.960000
14.900000
15.260000
15.030000
14.800000
14.780000
14.400000
14.650000
14.730000
14.640000
14.400000
14.470000
14.210000
14.050000
12.990000
14.520000
13.580000
13.830000
13.270000
13.400000
13.150000
13.400000
12.890000
12.770000
12.790000
13.200000
13.910000
13.400000
13.490000
14.280000
14.000000
13.380000
13.010000
12.350000
13.100000
13.340000
12.780000
12.320000
12.590000
12.750000
13.750000
13.440000
13.600000
13.120000
12.790000
11.930000
12.200000
12.770000
12.900000
13.540000
12.910000
13.010000
12.590000
11.840000
12.380000
12.590000
12.530000
12.220000
12.620000
12.600000
12.760000
13.030000
13.650000
13.030000
13.600000
13.120000
13.340000
13.870000
14.430000
13.670000
14.110000
15.050000
15.090000
14.390000
13.580000
14.080000
14.550000
14.250000
13.960000
14.200000
13.390000
13.540000
14.050000
13.670000
14.140000
13.800000
13.850000
13.860000
13.350000
13.700000
13.360000
13.240000
13.970000
13.700000
14.520000
14.310000
14.330000
14.580000
14.840000
14.570000
13.790000
14.640000
14.260000
14.030000
14.270000
14.660000
14.700000
14.530000
15.490000
15.700000
15.810000
15.930000
15.480000
15.010000
15.450000
15.370000
16.080000
15.790000
15.940000
15.680000
15.670000
15.680000
15.750000
15.750000
15.440000
15.340000
15.820000
15.770000
15.950000
15.790000
15.900000
16.000000
15.860000
16.000000
16.010000
15.980000
16.230000
16.200000
16.340000
16.110000
16.050000
15.960000
15.890000
15.560000
15.890000
15.470000
15.130000
15.710000
15.500000
15.240000
15.070000
15.450000
15.240000
15.370000
15.330000
15.000000
14.880000
14.170000
14.340000
14.080000
14.350000
14.390000
14.610000
14.820000
15.230000
15.020000
15.070000
14.960000
15.090000
14.870000
14.870000
14.620000
14.870000
15.400000
15.140000
15.130000
15.090000
14.830000
15.270000
15.210000
14.600000
14.300000
13.720000
13.710000
13.960000
14.080000
13.830000
14.090000
14.350000
14.250000
13.690000
14.310000
14.250000
14.400000
14.530000
14.600000
14.570000
14.510000
14.500000
14.510000
14.250000
13.810000
14.000000
14.170000
14.130000
14.330000
14.080000
13.720000
13.700000
13.740000
13.770000
13.910000
14.390000
14.000000
14.170000
14.140000
14.060000
14.090000
13.950000
14.200000
13.550000
13.860000
14.180000
14.750000
14.950000
14.960000
14.710000
14.990000
15.430000
15.900000
15.930000
15.860000
16.180000
16.070000
16.020000
17.400000
16.910000
17.000000
17.100000
16.900000
17.000000
17.000000
17.000000
16.870000
16.650000
16.690000
16.570000
16.460000
16.840000
16.930000
16.680000
16.740000
16.980000
16.740000
16.600000
16.360000
16.220000
16.060000
16.430000
16.960000
16.560000
16.800000
16.400000
16.110000
16.720000
16.650000
16.680000
16.610000
16.520000
16.460000
16.610000
16.380000
16.400000
16.600000
16.750000
16.610000
16.620000
16.640000
16.510000
16.630000
16.430000
16.460000
16.480000
16.360000
16.430000
16.630000
16.680000
16.910000
16.850000
16.710000
16.730000
16.900000
17.240000
17.340000
17.290000
17.370000
17.370000
17.170000
17.790000
18.350000
18.420000
18.250000
18.240000
17.550000
17.870000
17.800000
17.500000
17.480000
17.380000
17.160000
17.260000
17.440000
17.540000
17.440000
17.500000
17.660000
17.720000
17.270000
16.560000
16.390000
16.350000
16.240000
16.460000
16.480000
16.480000
16.770000
16.120000
15.720000
15.580000
14.770000
14.500000
14.970000
15.580000
15.520000
15.370000
15.020000
14.880000
15.350000
15.170000
14.990000
15.080000
15.100000
15.010000
14.980000
14.950000
14.950000
15.040000
15.230000
15.280000
15.320000
15.380000
15.500000
15.490000
15.450000
15.480000
15.410000
15.710000
16.070000
16.400000
16.500000
16.210000
16.180000
16.010000
16.030000
15.880000
16.470000
17.620000
17.360000
17.440000
16.890000
16.780000
16.760000
16.930000
17.040000
16.780000
16.860000
17.030000
16.950000
16.970000
16.730000
16.670000
16.640000
16.560000
16.700000
16.640000
16.580000
16.560000
16.950000
16.640000
17.090000
16.850000
16.890000
17.040000
17.150000
17.290000
17.080000
17.020000
17.200000
17.390000
16.950000
17.510000
17.300000
17.240000
17.550000
17.250000
17.330000
17.400000
17.580000
17.620000
17.430000
17.430000
17.550000
17.490000
17.600000
17.900000
17.950000
18.140000
17.990000
18.000000
18.010000
17.680000
17.800000
17.920000
17.980000
18.050000
18.010000
17.750000
17.700000
17.170000
17.260000
17.210000
17.550000
17.330000
17.380000
17.520000
17.410000
16.510000
16.770000
16.140000
16.680000
16.650000
16.670000
17.050000
17.200000
17.300000
16.890000
17.250000
17.090000
15.800000
16.460000
16.650000
16.640000
16.740000
16.650000
16.680000
16.780000
16.780000
16.900000
16.990000
16.770000
16.770000
16.630000
16.450000
16.010000
15.840000
16.000000
16.130000
15.910000
15.890000
15.940000
16.320000
16.290000
16.050000
16.050000
16.430000
16.350000
16.210000
16.100000
16.240000
16.140000
16.090000
16.240000
16.170000
16.160000
16.290000
16.160000
16.380000
16.350000
16.710000
17.480000
17.520000
17.650000
17.660000
17.950000
17.850000
17.900000
17.870000
17.720000
17.650000
17.890000
17.790000
17.920000
17.930000
17.910000
18.010000
18.000000
17.990000
18.200000
17.910000
17.510000
17.770000
17.900000
17.960000
17.730000
17.590000
17.350000
17.480000
17.500000
17.390000
17.440000
17.250000
17.370000
16.750000
16.660000
16.640000
16.760000
16.680000
17.130000
17.070000
16.940000
16.540000
16.620000
16.850000
16.280000
16.690000
16.630000
16.600000
16.470000
16.800000
16.650000
16.510000
16.470000
16.360000
16.480000
16.410000
16.500000
16.350000
16.500000
16.930000
17.200000
16.960000
17.040000
16.820000
16.650000
16.660000
16.780000
16.560000
16.660000
16.630000
16.570000
16.720000
17.270000
17.660000
17.890000
17.550000
17.560000
17.700000
18.060000
17.880000
17.870000
17.840000
17.790000
17.790000
17.790000
17.690000
17.360000
17.410000
16.910000
17.020000
17.100000
16.860000
16.760000
17.070000
16.950000
16.750000
16.840000
16.620000
16.680000
16.670000
16.790000
16.850000
17.210000
17.390000
17.540000
17.840000
17.800000
17.950000
17.670000
17.360000
17.120000
17.240000
17.430000
17.430000
17.270000
16.930000
16.960000
17.000000
17.090000
17.230000
17.660000
17.140000
17.410000
17.740000
17.840000
17.560000
17.540000
17.400000
17.420000
17.070000
17.130000
17.000000
17.100000
17.020000
17.020000
17.000000
16.990000
17.090000
17.180000
17.050000
17.130000
17.200000
17.140000
17.020000
17.010000
16.970000
17.000000
16.990000
17.080000
16.990000
16.610000
16.570000
16.310000
16.370000
16.360000
16.020000
16.250000
16.110000
16.250000
16.100000
16.260000
16.020000
16.280000
16.340000
16.510000
16.310000
16.360000
16.390000
16.370000
16.310000
16.490000
16.460000
16.380000
16.400000
16.320000
16.130000
16.180000
16.130000
16.250000
16.300000
16.350000
16.570000
16.880000
16.630000
16.760000
16.530000
16.240000
16.230000
16.280000
16.300000
16.730000
16.370000
16.400000
16.430000
16.220000
16.290000
16.450000
16.250000
16.060000
16.100000
16.040000
15.960000
16.230000
16.160000
16.130000
16.050000
15.980000
15.900000
16.010000
16.060000
15.930000
15.900000
16.030000
15.910000
15.610000
15.700000
15.670000
15.970000
16.340000
16.130000
15.800000
15.800000
15.940000
16.170000
15.870000
15.850000
16.030000
16.180000
16.300000
16.160000
16.180000
16.160000
16.050000
15.900000
15.890000
16.290000
16.460000
16.900000
16.790000
16.410000
16.560000
16.520000
16.240000
16.400000
16.440000
16.430000
16.640000
16.610000
16.620000
16.630000
16.900000
17.500000
17.460000
17.840000
17.430000
17.490000
17.430000
17.290000
17.280000
16.950000
16.790000
17.330000
16.660000
16.660000
16.020000
16.110000
16.060000
16.070000
16.250000
16.400000
16.400000
16.400000
16.410000
16.520000
16.410000
16.510000
16.480000
16.480000
16.700000
16.430000
16.490000
16.620000
16.460000
16.600000
16.540000
16.570000
16.740000
16.740000
16.670000
16.690000
16.610000
16.740000
16.800000
16.800000
16.760000
16.880000
16.750000
16.720000
16.690000
16.770000
16.780000
16.640000
16.930000
16.910000
17.000000
16.810000
16.790000
16.780000
17.180000
17.110000
17.000000
16.690000
16.840000
16.740000
16.760000
16.830000
16.670000
16.750000
16.740000
16.860000
16.880000
16.820000
17.150000
16.750000
16.800000
17.180000
17.190000
17.520000
17.500000
17.120000
17.030000
17.040000
16.870000
17.420000
17.260000
17.170000
17.840000
17.850000
17.980000
17.690000
17.760000
17.830000
17.840000
17.940000
17.960000
17.850000
17.800000
17.820000
17.740000
17.770000
17.630000
17.620000
17.390000
17.310000
17.470000
17.840000
17.760000
17.800000
17.470000
17.440000
17.760000
17.860000
17.850000
18.340000
17.910000
17.990000
17.640000
17.680000
17.430000
17.370000
17.410000
17.740000
17.760000
17.630000
17.800000
17.980000
18.050000
18.240000
18.140000
18.110000
18.090000
17.800000
17.570000
17.230000
17.110000
16.990000
17.180000
17.080000
17.260000
17.280000
17.030000
17.110000
16.820000
16.810000
17.100000
16.890000
16.970000
17.070000
16.700000
16.920000
16.580000
16.990000
16.970000
16.770000
16.870000
17.040000
16.900000
16.850000
16.760000
16.830000
16.880000
16.910000
16.910000
16.790000
16.920000
16.720000
16.730000
16.580000
16.590000
16.600000
16.610000
16.600000
16.500000
16.430000
16.410000
16.600000
16.370000
16.360000
16.470000
16.420000
16.680000
16.740000
16.720000
16.710000
16.840000
17.030000
17.060000
16.990000
17.180000
17.080000
17.320000
17.450000
17.480000
17.370000
17.250000
16.960000
16.840000
16.750000
16.590000
16.690000
16.840000
16.850000
16.890000
16.650000
16.890000
16.820000
16.840000
16.920000
16.930000
16.770000
17.050000
16.940000
16.680000
16.670000
16.480000
16.500000
16.540000
16.570000
16.680000
16.600000
16.650000
16.650000
16.680000
16.740000
16.780000
16.750000
16.810000
16.870000
16.870000
16.860000
17.120000
17.110000
17.060000
17.090000
17.160000
17.400000
17.400000
17.500000
17.590000
17.600000
17.810000
17.840000
17.900000
18.080000
18.120000
18.140000
18.350000
18.540000
18.740000
18.890000
19.120000
19.380000
19.510000
19.220000
19.440000
19.350000
19.110000
19.360000
19.310000
19.140000
19.210000
19.480000
19.440000
19.600000
19.540000
19.600000
19.690000
19.660000
19.390000
19.550000
18.940000
18.660000
18.770000
18.860000
18.640000
18.680000
19.010000
18.950000
18.970000
18.750000
18.670000
18.610000
18.930000
18.700000
18.530000
18.640000
18.840000
18.910000
18.820000
18.770000
18.470000
18.460000
17.960000
18.080000
18.680000
18.570000
18.730000
18.550000
18.460000
18.790000
18.740000
18.610000
18.750000
18.590000
18.660000
18.940000
18.940000
18.970000
18.680000
18.630000
18.470000
18.810000
18.630000
18.630000
18.940000
18.740000
18.830000
18.880000
19.100000
18.850000
18.910000
19.340000
19.200000
19.400000
19.710000
19.490000
19.720000
20.090000
20.100000
20.480000
20.330000
20.530000
20.660000
20.200000
20.530000
20.660000
20.780000
20.510000
21.300000
21.250000
21.130000
21.190000
21.150000
21.250000
21.380000
21.710000
21.600000
21.100000
20.820000
20.540000
20.440000
20.630000
20.560000
20.730000
20.880000
21.300000
21.740000
22.090000
22.090000
22.120000
22.190000
22.500000
22.270000
21.970000
22.170000
21.570000
21.200000
21.300000
20.790000
19.910000
20.280000
20.740000
21.000000
20.900000
20.920000
20.970000
20.960000
20.890000
20.910000
20.830000
21.200000
20.830000
20.470000
19.650000
19.940000
20.370000
19.350000
19.020000
18.910000
18.550000
18.130000
18.500000
17.810000
17.840000
18.420000
18.250000
18.450000
18.190000
18.680000
18.110000
18.400000
19.110000
19.250000
19.500000
19.030000
18.780000
18.060000
18.700000
18.900000
18.560000
18.370000
18.330000
18.830000
18.860000
18.780000
18.770000
18.870000
18.540000
18.730000
18.960000
19.040000
18.860000
19.060000
19.090000
19.090000
18.890000
19.150000
18.860000
18.870000
18.880000
18.910000
18.710000
18.580000
18.640000
18.750000
18.960000
18.890000
18.890000
18.620000
18.640000
18.840000
19.260000
19.530000
19.510000
19.920000
19.410000
18.880000
19.020000
18.770000
18.730000
18.640000
18.980000
19.390000
19.480000
19.620000
19.760000
19.790000
19.540000
19.290000
19.480000
19.390000
19.990000
20.010000
19.760000
19.850000
20.010000
19.700000
19.720000
19.600000
19.700000
19.690000
19.800000
19.450000
19.390000
19.320000
19.470000
19.250000
19.500000
19.240000
19.500000
19.360000
20.070000
20.410000
20.020000
20.050000
20.150000
20.420000
20.350000
19.950000
20.590000
20.700000
20.960000
20.830000
20.870000
20.500000
20.420000
20.590000
20.730000
20.870000
21.160000
21.250000
20.920000
21.500000
21.640000
20.690000
20.700000
20.960000
21.540000
21.290000
20.680000
21.070000
20.930000
21.620000
22.210000
22.500000
22.670000
22.690000
22.740000
22.800000
22.680000
22.720000
21.940000
22.280000
22.070000
22.300000
22.190000
22.060000
22.050000
22.220000
21.730000
21.910000
21.610000
21.960000
21.420000
21.300000
20.650000
20.520000
20.480000
20.720000
20.770000
20.720000
20.750000
20.650000
21.140000
21.530000
21.660000
22.070000
22.160000
22.340000
22.580000
22.510000
22.750000
22.850000
23.050000
23.290000
23.220000
22.850000
23.100000
22.750000
22.870000
22.920000
22.990000
23.190000
23.230000
23.500000
23.910000
24.090000
23.750000
24.220000
24.320000
23.810000
23.970000
23.270000
22.950000
22.920000
22.740000
22.880000
22.980000
22.740000
22.710000
22.690000
22.690000
22.970000
22.990000
23.160000
23.370000
23.430000
23.930000
23.900000
23.900000
23.740000
23.850000
23.670000
23.340000
23.570000
23.490000
23.600000
24.020000
23.660000
24.980000
25.640000
28.180000
27.880000
27.100000
27.060000
27.610000
27.890000
28.160000
29.160000
29.190000
29.500000
28.960000
29.330000
29.020000
29.350000
29.280000
29.800000
29.790000
30.010000
30.340000
31.160000
30.830000
30.530000
29.970000
30.510000
31.360000
31.200000
31.500000
31.640000
31.550000
31.390000
31.900000
32.430000
32.550000
33.100000
32.110000
31.680000
31.390000
30.790000
30.080000
29.840000
28.440000
26.780000
26.920000
26.010000
25.950000
26.390000
26.850000
26.790000
28.430000
29.100000
29.210000
28.920000
27.200000
27.000000
26.820000
26.750000
27.970000
27.340000
26.990000
26.500000
26.720000
27.030000
27.140000
27.670000
27.670000
27.610000
27.980000
27.730000
27.910000
27.890000
27.700000
27.590000
27.110000
27.730000
27.010000
27.290000
27.000000
26.900000
27.130000
27.090000
27.080000
27.320000
27.170000
27.600000
28.250000
29.320000
28.850000
26.350000
25.590000
26.180000
26.180000
26.280000
26.290000
26.180000
27.270000
27.250000
27.280000
26.830000
26.190000
26.340000
26.110000
25.620000
26.350000
25.610000
25.120000
25.490000
25.940000
26.470000
27.030000
26.990000
27.330000
27.560000
27.840000
27.290000
26.970000
26.960000
26.910000
26.750000
26.800000
26.710000
26.600000
26.270000
26.200000
26.050000
25.800000
26.780000
26.620000
25.590000
25.710000
25.320000
25.380000
25.590000
25.490000
25.420000
25.530000
25.320000
25.130000
25.830000
25.850000
25.730000
25.760000
25.930000
26.570000
27.700000
27.750000
27.840000
27.730000
27.850000
27.610000
27.380000
27.170000
26.620000
26.570000
26.560000
26.800000
27.030000
27.500000
27.570000
27.060000
27.680000
27.350000
26.910000
27.410000
27.140000
26.620000
27.270000
27.710000
26.960000
26.940000
27.000000
27.050000
27.020000
26.890000
26.890000
26.940000
26.970000
26.770000
26.760000
26.940000
26.960000
26.440000
26.060000
26.090000
25.740000
25.810000
25.820000
25.580000
25.550000
26.180000
26.110000
26.260000
25.570000
25.370000
25.240000
25.380000
25.060000
25.110000
25.530000
25.890000
25.900000
25.840000
26.030000
26.240000
25.860000
25.950000
25.530000
26.200000
26.880000
26.590000
26.990000
26.720000
27.560000
28.390000
28.360000
28.110000
28.480000
28.840000
28.710000
29.860000
30.390000
30.580000
30.310000
29.670000
30.250000
29.810000
30.580000
30.630000
30.190000
31.210000
31.070000
30.610000
31.190000
31.600000
31.140000
31.160000
30.460000
30.350000
30.600000
31.210000
31.700000
31.570000
31.460000
30.500000
31.210000
30.730000
31.550000
31.240000
31.010000
28.950000
28.540000
28.690000
28.420000
28.490000
28.600000
28.470000
28.670000
29.000000
29.230000
29.500000
29.370000
29.330000
29.090000
30.340000
31.060000
30.980000
30.250000
30.900000
29.850000
29.490000
29.400000
29.240000
29.140000
29.150000
29.490000
28.860000
29.450000
29.390000
29.160000
29.100000
29.030000
28.780000
28.290000
27.900000
27.810000
27.230000
27.110000
27.370000
27.610000
27.480000
27.720000
28.210000
28.750000
29.140000
29.740000
29.220000
29.370000
29.190000
29.750000
29.630000
29.470000
28.840000
28.690000
27.870000
28.080000
28.040000
28.150000
28.320000
28.170000
27.130000
27.110000
27.160000
26.600000
27.020000
27.020000
27.030000
27.290000
27.280000
27.320000
26.600000
26.960000
26.870000
27.550000
27.860000
27.360000
26.960000
26.960000
27.900000
28.130000
28.370000
28.470000
28.150000
28.690000
29.080000
28.660000
28.550000
28.710000
28.870000
28.850000
28.500000
28.720000
28.260000
27.590000
28.240000
27.400000
27.950000
27.980000
27.800000
27.430000
27.710000
27.710000
27.320000
27.720000
27.660000
27.620000
27.650000
27.760000
28.050000
28.340000
27.930000
28.050000
28.550000
28.720000
28.730000
28.420000
28.730000
28.310000
27.720000
27.590000
28.080000
27.860000
28.240000
28.250000
28.030000
28.220000
27.970000
28.110000
27.730000
27.850000
28.270000
28.880000
28.750000
29.020000
28.950000
29.000000
28.920000
28.960000
28.830000
29.170000
28.980000
29.170000
29.300000
29.240000
29.590000
29.850000
29.540000
29.050000
28.570000
28.650000
28.640000
28.660000
29.080000
29.670000
29.770000
29.610000
29.930000
29.880000
29.720000
28.850000
28.760000
28.220000
28.940000
29.200000
29.980000
30.270000
30.180000
29.540000
29.630000
29.020000
29.000000
29.470000
29.280000
29.420000
29.710000
29.840000
29.650000
29.890000
30.530000
30.520000
30.150000
30.480000
30.500000
30.900000
31.130000
30.570000
30.390000
30.390000
30.010000
29.980000
29.970000
29.730000
29.700000
29.900000
30.300000
29.950000
29.720000
29.580000
29.660000
29.500000
29.770000
29.580000
29.450000
29.330000
29.260000
29.280000
29.080000
29.100000
28.890000
28.510000
28.730000
28.100000
28.210000
28.640000
28.620000
29.200000
28.600000
28.380000
29.040000
29.740000
29.160000
29.390000
28.610000
28.440000
28.970000
29.080000
28.980000
29.380000
29.290000
29.300000
29.500000
29.620000
29.370000
29.130000
28.400000
28.490000
29.090000
28.070000
27.570000
27.000000
26.930000
25.750000
25.350000
26.870000
26.770000
27.840000
27.850000
28.560000
28.230000
28.290000
28.030000
27.420000
28.330000
28.200000
28.250000
28.100000
28.750000
28.010000
28.630000
28.440000
28.020000
28.040000
28.550000
28.600000
28.050000
28.440000
28.320000
28.440000
28.430000
28.650000
27.780000
27.560000
27.880000
27.790000
27.360000
27.980000
27.000000
26.530000
26.040000
26.080000
25.830000
25.510000
25.640000
25.000000
25.570000
25.600000
26.070000
26.300000
26.700000
26.260000
26.930000
26.700000
26.950000
26.780000
25.820000
25.580000
25.500000
25.330000
25.950000
25.960000
25.760000
25.780000
25.950000
26.000000
26.480000
25.610000
25.930000
25.950000
25.870000
26.010000
26.030000
26.230000
26.490000
26.500000
26.520000
26.780000
26.990000
27.410000
27.030000
27.350000
27.780000
27.510000
26.740000
27.170000
26.590000
26.620000
26.470000
26.350000
26.740000
26.720000
26.670000
25.800000
25.610000
25.750000
26.100000
25.840000
25.950000
25.940000
26.390000
26.410000
26.430000
26.030000
25.530000
24.700000
24.730000
25.120000
25.020000
25.220000
24.920000
25.500000
25.710000
25.890000
26.020000
26.510000
26.460000
26.000000
25.910000
25.920000
26.240000
26.390000
26.600000
26.490000
25.980000
25.500000
26.240000
25.940000
25.890000
26.500000
26.760000
26.810000
26.500000
26.640000
26.860000
26.980000
26.750000
26.690000
26.500000
26.350000
25.510000
25.890000
26.380000
26.260000
25.890000
25.690000
25.950000
25.740000
25.480000
25.830000
25.380000
25.500000
25.190000
25.280000
25.270000
25.460000
24.930000
24.940000
24.760000
24.990000
24.940000
24.960000
25.190000
25.340000
25.140000
25.370000
25.110000
25.080000
25.150000
24.910000
25.050000
25.060000
25.730000
26.850000
26.340000
26.180000
26.700000
26.610000
26.350000
26.220000
25.900000
26.090000
25.920000
25.840000
25.890000
25.700000
25.660000
25.770000
25.500000
25.690000
26.020000
25.750000
25.990000
26.270000
26.110000
26.210000
25.500000
25.520000
25.100000
24.950000
24.650000
25.080000
24.970000
25.160000
25.770000
25.080000
25.000000
25.410000
25.450000
25.000000
25.000000
25.010000
24.310000
24.570000
24.260000
24.510000
24.970000
25.400000
24.760000
24.950000
25.440000
25.390000
25.910000
26.230000
26.750000
27.470000
27.710000
27.520000
27.470000
27.510000
27.180000
27.200000
27.380000
27.010000
27.480000
27.270000
27.460000
27.490000
27.080000
27.200000
27.240000
27.320000
27.240000
26.800000
27.030000
26.960000
27.290000
27.260000
27.400000
27.640000
27.810000
27.800000
28.260000
28.190000
28.120000
28.080000
27.850000
28.140000
28.290000
28.370000
28.270000
28.520000
28.650000
29.120000
29.070000
29.130000
28.960000
28.700000
28.320000
28.860000
28.660000
28.160000
28.120000
28.110000
27.970000
27.920000
27.760000
28.460000
28.880000
28.370000
28.480000
28.110000
27.950000
27.860000
28.000000
28.280000
28.000000
28.440000
28.640000
29.020000
29.400000
29.860000
30.270000
29.990000
30.200000
30.590000
30.130000
30.380000
29.910000
30.270000
30.080000
30.230000
30.340000
30.400000
30.250000
29.960000
30.070000
30.000000
29.800000
29.740000
29.580000
29.420000
29.890000
29.820000
29.780000
29.860000
29.450000
29.760000
29.450000
29.490000
29.140000
29.340000
28.280000
28.430000
28.290000
28.620000
28.920000
28.790000
28.590000
28.280000
28.350000
28.500000
28.360000
28.020000
28.020000
28.090000
27.960000
27.330000
27.450000
27.300000
26.550000
25.500000
26.460000
25.740000
26.390000
25.680000
25.330000
23.930000
23.080000
22.700000
18.360000
19.860000
18.220000
24.050000
20.700000
23.700000
19.610000
18.660000
20.000000
19.990000
21.000000
19.750000
20.690000
22.000000
20.590000
21.390000
20.220000
23.410000
22.640000
23.340000
23.880000
21.800000
21.510000
18.760000
19.380000
19.900000
19.300000
19.430000
19.790000
19.960000
19.800000
21.010000
22.130000
24.130000
21.900000
21.200000
20.860000
19.330000
19.160000
19.940000
21.150000
19.620000
18.450000
18.970000
18.300000
18.550000
20.160000
18.780000
20.100000
19.900000
19.780000
20.800000
22.780000
21.070000
20.610000
20.200000
19.810000
20.800000
21.310000
22.680000
22.170000
22.060000
21.560000
19.960000
20.420000
20.230000
20.590000
20.080000
19.670000
19.800000
20.200000
20.150000
19.050000
20.230000
21.300000
20.980000
21.700000
21.160000
21.670000
21.090000
19.880000
19.890000
19.150000
20.090000
20.150000
20.790000
21.510000
21.650000
21.710000
21.370000
