40.130000
40.320000
40.320000
40.320000
40.320000
40.320000
40.320000
40.320000
40.230000
40.230000
40.037400
40.037400
39.730000
39.730000
39.709900
39.709900
39.709900
39.709900
39.709900
39.260000
39.260000
39.260000
39.260000
39.260000
39.260000
39.260000
39.430000
39.430000
39.558000
39.750000
39.750000
39.920000
39.960000
39.960000
40.000000
40.000000
40.128500
39.960000
39.860000
39.810000
39.970000
39.980000
39.980000
39.980000
39.980000
39.980000
39.670000
39.670000
39.670000
39.670000
39.670000
39.670000
39.670000
39.670000
39.930000
39.910000
39.669000
39.750000
39.969000
39.910000
39.909900
39.880000
39.970000
39.970000
39.590000
39.590000
39.590000
39.590000
39.590000
39.590000
39.590000
39.870000
39.870000
40.099200
40.099200
40.460000
40.460000
40.640000
40.640000
40.640000
40.640000
40.640000
40.640000
40.640000
40.640000
40.640000
40.320000
40.300000
40.300000
40.300000
40.300000
40.300000
40.300000
40.300000
40.300000
40.460000
40.460000
40.460000
40.460000
40.460000
40.460000
40.460000
40.364900
40.364900
40.364900
40.364900
40.060000
40.250000
40.250000
40.250000
40.250000
40.099900
40.099900
40.099900
40.099900
39.990000
40.120000
40.120000
40.150000
40.150000
40.150000
40.020000
40.020000
40.020000
40.020000
39.700000
39.700000
39.600000
39.600000
39.600000
39.730000
39.710000
39.710000
39.820000
39.820000
39.940000
39.980000
39.980000
40.025000
40.490000
40.140000
40.140000
40.140000
39.510000
39.975200
39.975200
40.040000
40.040000
40.040000
40.040000
40.040000
40.040000
40.000000
40.120000
40.120000
40.120000
40.120000
40.120000
40.120000
40.120000
40.070000
40.070000
40.070000
40.300000
40.300000
40.300000
40.300000
40.300000
40.300000
40.480000
40.480000
40.480000
40.480000
40.281500
40.281500
40.281500
40.281500
40.281500
40.281500
40.281500
40.281500
39.610000
39.610000
39.610000
39.610000
39.610000
40.220000
40.220000
40.220000
40.220000
40.220000
40.220000
40.220000
40.757300
40.757300
40.757300
40.757300
40.757300
40.757300
40.757300
40.757300
40.852000
41.010000
40.887100
40.600000
40.600000
40.910000
40.910000
40.910000
41.210000
41.210000
41.210000
41.105100
41.105100
41.320000
41.313200
41.390000
41.510000
41.520000
41.520000
41.499900
41.499900
41.090000
41.000000
41.550000
40.825000
40.825000
40.825000
40.913900
40.945300
40.550000
40.699800
40.699800
40.699800
40.821000
40.821000
40.821000
40.850000
40.850000
40.850000
40.850000
40.850000
40.820000
40.820000
40.720000
40.720000
40.720000
40.720000
40.720000
40.700000
40.700000
41.080000
41.080000
40.559800
40.580000
40.580000
40.580000
40.580000
40.772400
40.772400
40.772400
40.900000
40.900000
40.900000
40.800000
40.852200
40.909000
40.909000
40.909000
40.909000
40.770000
40.735300
40.735300
40.735300
40.690000
40.690000
40.690000
40.690000
40.350000
40.140000
40.140000
40.140000
40.140000
40.670000
40.670000
40.670000
40.670000
40.670000
40.250000
40.250000
40.150000
40.365000
40.365000
40.365000
40.365000
40.365000
40.365000
40.365000
40.990000
40.843500
40.843500
40.843500
40.843500
40.843500
41.000000
41.000000
41.000000
40.930100
40.930100
40.930100
40.930100
40.930100
40.930100
40.930100
40.930100
40.930100
40.900000
40.598400
40.598400
40.711000
40.790000
41.079200
40.660000
41.049900
41.049900
41.468100
41.391700
41.391700
41.150000
41.150000
40.990000
40.990000
40.990000
40.990000
40.990000
40.990000
40.990000
41.000800
41.000800
41.000800
41.000800
41.000800
41.000800
41.000800
41.000800
41.000800
41.000800
41.000800
41.000800
41.000800
41.000800
41.000800
41.000800
41.000800
40.644600
40.644600
40.644600
40.560000
40.560000
40.585400
40.585400
40.585400
40.585400
40.450000
40.450000
40.220000
40.220000
40.220000
40.220000
40.220000
40.220000
40.360000
40.360000
40.360000
40.400000
40.400000
40.120000
40.120000
40.120000
40.281900
40.281900
40.281900
40.252400
40.252000
40.252400
40.567500
40.567500
40.567500
40.567500
40.567500
40.567500
40.567500
40.567500
40.567500
40.567500
40.450000
40.450000
40.450000
40.080000
39.910000
39.910000
39.950000
39.900000
39.900000
39.900000
39.900000
39.900000
39.900000
39.840000
39.630000
39.630000
39.630000
39.789900
39.790000
39.790000
39.790000
39.790000
39.790000
39.975000
39.975000
39.975000
40.040000
40.040000
40.040000
40.040000
40.040000
40.040000
40.040000
40.040000
40.040000
40.040000
40.200000
40.200000
40.200000
40.000000
40.169900
40.000000
39.910000
39.950000
39.950000
39.950000
39.770000
39.770000
39.770000
39.850900
39.850900
39.903000
39.902800
39.902800
39.902800
39.920000
39.970000
39.970000
39.902100
39.870000
39.700000
39.850000
39.850000
39.850000
39.850000
39.890000
39.890000
39.900000
39.840000
40.029900
40.020000
40.020000
40.090000
40.270000
40.270000
40.270000
40.270000
40.270000
40.270000
40.270000
40.270000
40.090000
40.061200
40.089000
40.200000
40.200000
40.200000
40.140000
40.140000
40.020000
40.010000
40.010000
40.005000
40.100000
40.100000
40.100000
40.100000
40.100000
39.870000
39.870000
39.700000
39.530000
39.380000
39.340000
39.310000
39.309500
39.500000
39.500000
39.500000
39.500000
39.500000
39.500000
39.684300
39.684300
39.679000
39.678500
39.560900
39.540000
39.540000
39.540000
39.670000
39.683200
39.530000
39.480000
39.491000
39.491000
39.530000
39.529800
39.537000
39.537000
39.537000
39.675000
39.675000
39.720000
39.720000
39.720000
39.720000
39.720000
39.620000
39.620000
39.620000
39.620000
39.620000
39.620000
39.400000
39.540000
39.540000
39.540000
39.540000
39.450100
39.523400
39.648800
39.759900
39.835200
39.650000
39.890000
39.834300
39.834300
39.817600
39.685200
39.000000
39.000000
39.000000
39.000000
39.580000
39.580000
39.750000
39.750000
39.750000
39.750000
39.990000
39.990000
40.210000
40.210000
40.210000
40.210000
39.950200
39.950000
39.950200
39.950200
39.950200
39.680000
39.534400
39.534000
39.534400
39.534400
39.534400
39.534400
39.672000
39.672200
39.672200
39.672200
39.672200
39.672200
39.616600
39.616600
39.690000
39.950000
39.850000
40.100000
40.100000
40.020000
40.020000
40.020000
40.020000
40.020000
40.020000
40.020000
40.020000
40.020000
40.020000
40.090000
40.090000
40.090000
40.360000
40.080000
40.080000
40.090000
40.090000
40.090000
40.090000
40.090000
40.090000
39.970000
39.970000
39.970000
40.130000
40.150000
40.095300
40.015300
40.160300
40.160000
40.160300
40.160300
40.160300
40.160300
40.160300
40.160300
39.975000
40.170000
40.000000
40.000000
40.000000
40.000000
40.000000
40.000000
40.490000
40.490000
40.490000
40.370000
40.370000
40.370000
40.370000
40.418500
40.418500
40.418500
40.660000
40.660000
40.660000
40.660000
40.660000
40.450000
40.412900
40.412900
40.670000
40.670000
41.010000
40.780000
40.780000
40.570000
40.540000
40.540000
40.890000
40.410000
40.220000
40.220000
40.220000
40.220000
40.220000
40.220000
40.220000
40.220000
40.220000
40.220000
40.220000
40.220000
40.320000
40.320000
40.320000
39.922900
40.080000
40.080000
40.000000
40.198000
40.330000
40.330000
40.417600
40.417600
40.417600
40.417600
40.417600
40.417600
40.417600
40.417600
40.417600
40.417600
40.417600
40.417600
40.417600
40.560000
40.600000
40.690000
40.500000
40.645000
40.640000
40.570000
40.495000
40.580000
40.580000
40.650000
40.800000
40.870000
40.760000
40.706800
40.498000
40.150000
40.239900
40.145000
40.165000
40.033200
39.996800
39.780000
39.704900
39.530000
39.635000
39.650000
39.584900
39.545100
39.539900
39.479900
39.339000
39.600000
39.499900
39.579900
39.450000
39.671700
39.650000
39.600000
39.626800
39.533500
39.490200
39.584200
39.546100
39.693400
39.728000
39.670000
39.640000
39.573200
39.599100
39.584300
39.735000
39.829200
39.659300
39.782300
39.844300
39.890000
39.755200
39.669900
39.555000
39.580000
39.545000
39.552000
39.680000
39.662700
39.720000
39.665000
39.705000
39.650000
39.640000
39.660200
39.680300
39.570000
39.475000
39.547300
39.579200
39.605000
39.665000
39.645000
39.735200
39.765000
39.815000
39.720000
39.760000
39.824900
39.825000
39.775100
39.819900
39.920200
39.890100
39.910000
40.010000
40.089800
40.100000
40.160000
40.270000
40.375000
40.235000
40.080000
40.080000
40.095000
40.145000
40.030000
40.025000
40.065000
40.010200
40.055000
40.075000
40.040000
39.975000
39.955000
40.080000
40.100000
40.165000
40.075000
40.070000
40.060100
40.020000
39.899700
39.918400
39.925100
39.800100
39.680100
39.595000
39.495000
39.600000
39.580000
39.610000
39.510000
39.545000
39.663200
39.685000
39.775000
39.730200
39.685000
39.704700
39.655000
39.655000
39.680000
39.528400
39.535000
39.530000
39.495000
39.563800
39.640100
39.690700
39.560200
39.595000
39.475700
39.520000
39.495000
39.524100
39.435000
39.390000
39.464400
39.535000
39.425000
39.370000
39.280800
39.314900
39.249900
39.245000
39.385000
39.495000
39.460000
39.696500
39.865000
40.045000
40.128600
40.167200
40.075200
40.069800
40.495000
40.365000
40.607800
40.580000
40.636800
40.615000
40.670200
40.637300
40.585000
40.865000
40.720000
40.895000
40.855000
40.817000
40.913000
40.970000
40.812000
40.640000
40.735000
40.560000
40.286000
40.305000
40.075000
39.850000
39.595000
39.808600
39.855000
39.849700
40.025000
39.978000
40.110000
39.875000
39.925000
39.755000
39.875000
39.920200
40.090000
40.154900
40.150000
40.134300
40.165900
40.086000
40.005000
39.779000
39.875100
39.800100
39.855000
39.810200
39.735000
39.695000
39.745000
39.750000
39.824700
39.814900
39.780000
39.799700
39.756000
39.780000
39.850500
39.865000
39.806600
39.799400
39.875000
39.845000
39.795000
39.794900
39.765000
39.715000
39.785000
39.775000
39.715000
39.676800
39.660000
39.640000
39.619900
39.675000
39.695000
39.582200
39.575000
39.460000
39.500000
39.539900
39.667200
39.686600
39.719900
39.670000
39.725000
39.755000
39.805000
39.705000
39.677200
39.600000
39.630000
39.580200
39.260000
39.265000
39.355000
39.264000
39.245000
39.215000
39.250000
39.300000
39.260000
39.211100
39.195000
39.200000
39.187400
39.155000
39.090000
39.075500
39.045000
38.970000
38.914000
38.825000
38.710000
38.450000
38.495000
38.400000
38.347200
38.305300
38.246100
38.345400
38.327600
38.290100
38.230000
38.440000
38.365000
38.290100
38.280100
38.235000
38.314700
38.309900
38.468000
38.510000
38.719000
38.765200
38.746000
38.793000
38.810500
38.533000
38.570000
38.466000
38.679000
38.940000
39.245000
39.220000
39.209000
39.457400
39.646600
40.084000
40.140200
40.327900
40.320000
40.461000
40.686000
40.410000
40.062000
40.076800
40.113000
40.203800
40.137400
40.531000
40.469500
40.490000
40.395500
40.200000
39.975100
40.164300
40.264000
40.228000
40.488000
40.456600
40.171000
40.272100
40.696000
40.412600
40.401000
40.500600
40.397500
40.409700
40.150000
40.250000
39.971000
39.964500
39.875000
39.930000
39.883000
39.679300
39.711100
39.818000
40.041000
39.930000
39.958400
39.582800
39.516400
39.477700
39.601000
39.702000
39.404000
39.573000
39.531000
39.610000
39.375000
39.295000
39.170000
39.045000
38.910000
38.891000
38.930000
39.069000
39.240600
39.255000
39.235000
39.205200
39.179900
39.209700
39.220000
39.250000
39.275200
39.453000
39.463000
39.752000
39.570000
39.600000
39.290000
39.300000
39.270000
39.280000
39.320000
39.190000
39.230000
39.280000
39.340000
39.290000
39.220000
39.210000
39.341600
