25.480000
25.580000
25.510000
25.690000
25.630000
25.400000
25.370000
25.420000
25.360000
25.390000
25.420000
25.440000
25.420000
25.500000
25.480000
25.530000
25.550000
25.710000
25.660000
25.700000
25.740000
25.670000
25.840000
25.940000
26.330000
26.020000
25.950000
26.010000
26.080000
26.170000
26.090000
26.170000
26.130000
26.140000
26.120000
26.180000
26.230000
26.180000
25.980000
25.900000
26.000000
25.980000
26.000000
26.050000
26.250000
26.250000
26.250000
26.180000
26.280000
26.230000
26.270000
26.430000
26.380000
26.650000
26.370000
26.900000
26.850000
26.550000
26.600000
26.570000
26.550000
26.730000
26.850000
26.750000
27.040000
27.150000
26.860000
26.920000
27.710000
27.950000
27.720000
27.880000
28.000000
28.190000
28.140000
28.160000
28.330000
27.240000
26.940000
27.080000
27.310000
27.370000
27.330000
27.480000
27.540000
27.580000
27.700000
27.710000
27.770000
27.700000
27.460000
27.380000
27.320000
27.320000
27.320000
27.310000
27.310000
27.290000
27.380000
27.610000
27.640000
27.620000
27.750000
27.720000
27.840000
27.950000
28.070000
28.130000
27.910000
27.910000
27.780000
27.710000
27.640000
27.530000
27.800000
27.920000
27.200000
27.670000
27.480000
27.340000
27.210000
27.000000
27.270000
27.190000
27.440000
28.070000
28.330000
28.340000
28.210000
27.940000
27.510000
27.540000
27.920000
27.410000
27.170000
27.220000
27.010000
26.650000
26.280000
26.420000
26.750000
27.110000
27.260000
27.370000
27.400000
27.620000
27.840000
27.680000
27.560000
27.180000
27.150000
26.890000
26.760000
26.420000
26.360000
26.570000
26.880000
26.620000
26.840000
26.340000
26.360000
26.400000
25.540000
25.670000
26.470000
26.430000
26.040000
25.980000
26.190000
26.120000
26.130000
25.710000
25.470000
25.250000
25.010000
25.080000
25.100000
25.420000
25.520000
25.330000
25.530000
25.250000
25.110000
25.030000
25.070000
25.120000
25.250000
25.320000
25.530000
25.760000
25.790000
25.860000
25.890000
25.500000
25.300000
25.420000
25.830000
25.970000
25.930000
25.890000
25.980000
26.200000
26.140000
26.100000
26.100000
26.140000
25.860000
26.240000
26.810000
26.560000
26.050000
25.920000
25.910000
25.810000
25.860000
25.980000
26.170000
26.290000
26.310000
26.310000
26.290000
26.290000
26.730000
26.440000
26.540000
26.700000
26.780000
26.830000
26.860000
26.800000
26.670000
26.670000
26.740000
26.610000
26.420000
26.560000
26.650000
26.590000
26.330000
25.930000
25.770000
25.950000
25.850000
26.100000
26.340000
26.400000
26.440000
26.450000
26.480000
26.540000
26.680000
26.740000
26.390000
26.430000
25.970000
25.880000
25.920000
26.050000
26.030000
26.000000
26.160000
26.230000
26.250000
26.230000
26.250000
26.310000
26.390000
26.380000
26.400000
26.590000
26.910000
27.250000
27.150000
26.960000
27.200000
27.100000
27.300000
27.390000
27.490000
27.460000
27.440000
27.390000
27.380000
27.430000
27.350000
27.480000
27.490000
27.430000
27.410000
27.260000
27.280000
27.490000
27.690000
27.420000
27.300000
26.790000
26.990000
27.100000
27.140000
27.240000
27.130000
27.160000
27.190000
27.040000
26.900000
27.000000
27.000000
27.090000
27.100000
27.400000
27.480000
27.500000
27.700000
27.900000
28.030000
28.140000
28.170000
27.710000
27.110000
27.470000
27.400000
27.440000
27.590000
27.650000
28.020000
27.770000
27.930000
27.680000
27.870000
27.650000
27.790000
28.000000
28.000000
28.210000
28.090000
27.880000
27.810000
27.890000
28.100000
28.070000
28.220000
27.870000
27.950000
27.800000
27.680000
27.780000
27.710000
27.390000
27.140000
27.540000
27.410000
27.640000
27.450000
27.490000
27.420000
27.440000
27.450000
27.430000
27.550000
27.500000
27.310000
27.600000
27.850000
27.640000
27.700000
27.750000
27.790000
27.660000
27.720000
27.780000
27.980000
27.750000
27.850000
27.870000
27.880000
27.770000
27.830000
27.680000
27.920000
28.000000
27.790000
27.490000
27.420000
27.350000
27.330000
27.300000
27.130000
27.020000
26.820000
27.200000
27.380000
27.280000
27.550000
27.340000
27.410000
27.350000
27.110000
27.720000
27.780000
27.600000
27.390000
27.310000
27.470000
27.450000
27.760000
27.600000
27.720000
27.630000
27.280000
27.390000
27.320000
27.480000
27.210000
27.440000
27.450000
27.220000
27.370000
27.450000
27.560000
27.410000
27.440000
27.770000
27.920000
27.680000
27.570000
27.510000
27.670000
27.910000
27.940000
28.210000
28.270000
28.570000
28.310000
28.200000
28.100000
28.000000
27.910000
28.320000
28.090000
28.000000
28.140000
28.030000
27.840000
27.800000
27.330000
28.140000
27.500000
27.450000
27.380000
27.280000
27.400000
27.450000
27.350000
27.300000
27.240000
27.150000
27.220000
26.950000
26.830000
26.970000
27.180000
27.180000
27.110000
26.620000
26.270000
26.480000
26.720000
26.230000
26.070000
26.060000
26.280000
26.380000
26.210000
26.430000
26.310000
26.240000
26.110000
26.040000
26.210000
26.290000
26.250000
26.170000
26.500000
26.580000
26.700000
26.900000
26.960000
26.840000
27.090000
27.180000
27.160000
27.340000
27.040000
27.080000
27.100000
27.040000
26.960000
26.960000
26.980000
27.150000
27.310000
27.360000
27.210000
27.350000
27.180000
27.290000
27.250000
26.690000
26.530000
26.540000
26.730000
26.850000
26.820000
26.870000
26.740000
26.610000
26.490000
26.590000
26.450000
26.540000
26.320000
26.350000
26.350000
26.250000
26.020000
26.150000
26.160000
26.180000
26.250000
26.220000
26.150000
26.210000
26.340000
26.190000
26.080000
26.070000
26.250000
26.220000
26.170000
26.170000
26.090000
26.030000
26.060000
26.100000
26.110000
26.380000
26.510000
26.380000
26.450000
26.410000
26.560000
26.580000
26.790000
26.800000
26.790000
26.710000
26.730000
26.610000
26.680000
26.750000
26.770000
26.780000
26.650000
26.660000
26.630000
26.700000
26.610000
26.520000
26.430000
26.150000
26.120000
26.520000
26.760000
26.840000
26.930000
27.020000
26.970000
26.980000
26.960000
26.840000
26.600000
26.360000
26.500000
26.460000
26.650000
26.500000
26.570000
26.560000
26.430000
26.350000
26.300000
26.410000
26.220000
26.420000
26.430000
26.310000
26.390000
26.300000
26.290000
26.200000
26.310000
26.250000
26.400000
26.350000
26.330000
26.480000
26.380000
26.380000
26.420000
26.470000
26.340000
26.470000
26.410000
26.410000
26.370000
26.330000
26.310000
26.210000
26.150000
26.200000
26.170000
26.230000
26.210000
26.270000
26.110000
26.130000
26.090000
26.080000
26.120000
26.100000
26.120000
26.120000
26.130000
25.740000
25.660000
25.700000
25.570000
25.400000
25.300000
25.380000
25.580000
25.300000
25.290000
25.240000
25.320000
25.300000
25.250000
25.300000
25.530000
25.480000
25.450000
25.460000
25.410000
25.400000
25.710000
25.600000
25.660000
25.550000
25.570000
25.680000
25.660000
25.650000
25.720000
25.750000
25.710000
25.690000
25.570000
25.460000
25.400000
25.330000
25.260000
25.380000
25.360000
25.300000
25.380000
25.390000
25.200000
25.290000
25.170000
25.030000
25.070000
25.120000
25.190000
25.280000
25.150000
25.120000
25.100000
24.920000
24.970000
25.010000
25.030000
24.760000
24.630000
24.880000
24.690000
24.480000
24.820000
24.900000
24.990000
25.270000
25.460000
25.350000
25.390000
25.200000
25.360000
25.340000
25.420000
25.370000
25.430000
25.550000
25.610000
25.530000
25.700000
25.730000
25.780000
25.680000
25.760000
25.980000
25.930000
25.830000
25.800000
25.750000
25.630000
25.740000
25.700000
25.760000
26.000000
25.870000
25.930000
25.850000
25.830000
25.960000
25.920000
25.900000
25.980000
25.940000
25.610000
26.000000
25.870000
26.100000
26.070000
26.020000
26.080000
26.120000
26.150000
26.300000
26.440000
26.460000
26.490000
26.350000
26.440000
26.320000
26.320000
26.150000
26.250000
26.200000
26.240000
26.130000
26.120000
25.990000
26.130000
26.090000
26.180000
26.120000
26.090000
26.250000
26.190000
26.160000
26.190000
26.310000
26.330000
26.150000
26.140000
26.170000
26.180000
26.150000
26.020000
26.220000
26.020000
26.250000
26.200000
26.260000
26.240000
26.140000
26.180000
26.110000
26.200000
26.150000
26.160000
26.240000
26.200000
26.120000
26.130000
26.150000
26.170000
26.120000
26.170000
26.210000
26.240000
26.310000
26.140000
26.220000
26.330000
26.320000
26.340000
26.640000
26.730000
26.550000
26.450000
26.550000
26.740000
26.840000
26.810000
26.980000
27.050000
26.860000
26.700000
26.770000
26.750000
26.590000
25.890000
26.070000
26.250000
26.230000
26.120000
26.110000
26.100000
26.080000
26.110000
26.220000
26.340000
26.460000
26.630000
26.760000
26.730000
26.550000
26.460000
26.470000
26.430000
26.500000
26.570000
26.380000
26.360000
26.420000
26.500000
26.290000
26.470000
26.280000
26.300000
26.370000
26.320000
26.420000
26.610000
26.730000
26.440000
26.560000
26.640000
26.700000
26.700000
26.550000
26.590000
26.620000
26.770000
26.590000
26.440000
26.620000
26.850000
26.820000
26.850000
26.940000
26.770000
26.900000
27.030000
26.630000
26.950000
26.870000
26.960000
27.000000
27.190000
27.270000
27.210000
27.080000
26.950000
26.910000
26.300000
26.530000
26.350000
26.470000
26.530000
26.430000
26.390000
26.470000
26.450000
26.510000
26.540000
26.400000
26.410000
26.370000
26.250000
26.250000
26.240000
26.220000
26.250000
26.320000
26.290000
26.240000
26.290000
26.210000
26.280000
26.310000
26.260000
26.270000
26.150000
26.230000
26.260000
26.240000
26.300000
26.420000
26.470000
26.410000
26.360000
26.390000
26.380000
26.350000
26.260000
26.270000
26.120000
26.080000
26.070000
26.170000
26.170000
26.180000
26.150000
26.160000
26.230000
26.280000
26.350000
26.290000
26.260000
26.250000
26.240000
26.260000
26.260000
26.310000
26.280000
26.290000
26.380000
26.040000
26.000000
26.190000
26.170000
26.110000
26.280000
26.250000
26.200000
26.190000
26.240000
26.250000
26.320000
26.280000
26.360000
26.480000
26.340000
26.380000
26.440000
26.350000
26.340000
26.340000
26.370000
26.240000
26.230000
26.210000
26.240000
26.330000
26.480000
26.530000
26.200000
26.190000
26.260000
26.240000
26.250000
26.170000
26.230000
26.330000
26.080000
26.110000
25.990000
26.080000
25.740000
26.030000
26.040000
26.180000
25.960000
25.950000
25.650000
25.800000
25.830000
24.440000
25.140000
23.290000
23.460000
20.730000
19.600000
21.630000
20.920000
22.490000
24.070000
24.790000
24.650000
25.210000
24.440000
22.550000
23.550000
22.820000
24.550000
24.600000
25.000000
25.570000
25.490000
25.490000
25.450000
25.220000
25.830000
25.850000
25.520000
25.400000
25.480000
25.430000
25.600000
25.430000
25.530000
25.690000
25.490000
25.250000
25.230000
25.540000
25.300000
25.610000
25.780000
25.460000
25.270000
25.280000
25.280000
25.510000
25.560000
25.230000
25.420000
25.560000
25.680000
25.650000
25.500000
25.670000
25.700000
25.840000
26.000000
26.080000
26.180000
26.400000
26.120000
26.080000
25.610000
25.540000
25.510000
25.620000
25.930000
25.950000
25.790000
25.670000
25.660000
25.520000
25.650000
25.420000
25.680000
25.050000
25.190000
25.220000
25.350000
25.310000
25.390000
25.350000
25.470000
25.440000
25.380000
25.450000
25.460000
25.460000
25.540000
