25.700000
25.700000
25.420000
25.420000
25.530000
25.530000
25.570000
25.570000
25.570000
26.400000
26.400000
25.950400
25.960000
25.830000
25.980000
26.160000
26.089800
26.200000
25.800000
26.060000
26.050000
26.340000
26.340000
26.259900
26.302000
26.302000
26.599500
26.500000
26.500000
26.577800
26.579000
26.650000
26.800000
26.920000
26.750000
26.750000
26.768000
26.768000
27.270000
27.270000
27.000000
26.950000
26.950000
26.950000
26.950000
27.030000
26.951000
27.070000
26.909700
26.949200
26.949200
27.120000
27.140000
27.250000
27.113200
27.250000
26.990100
27.130000
26.970000
26.850000
27.037800
27.037800
27.310000
27.250000
27.250000
27.250000
27.450000
27.404500
27.350200
27.350200
27.230000
27.330000
27.330000
27.330000
27.460000
27.460000
27.460000
27.310000
27.310000
27.310000
27.370000
27.670000
27.370000
27.493700
27.493700
27.493700
27.800000
27.800000
27.800000
27.630000
27.630000
27.630000
27.630000
27.580000
27.730000
27.730000
27.730000
27.730000
27.720000
27.720000
27.729000
27.712900
27.712900
27.712900
27.712900
27.712900
27.712900
27.780000
27.580000
27.670000
27.637000
27.674000
27.674000
27.810000
27.820000
27.860000
27.720000
27.690000
27.690000
27.497000
27.497000
27.030000
27.030000
27.180000
27.050000
27.071000
27.071000
27.000000
27.050000
27.050000
27.037300
26.834500
26.010000
25.600000
25.600000
26.270000
26.100000
26.100000
25.830000
25.760000
25.286100
25.030000
25.030000
24.590000
24.590000
24.880000
25.000000
25.209900
25.400000
25.592000
25.816700
26.130000
25.920000
25.700000
25.520000
25.400000
25.330000
25.410000
25.651500
25.512000
25.120000
25.360000
25.140000
25.240000
25.120000
25.450000
25.285600
25.430000
25.770000
25.770000
24.930000
24.737300
24.626900
24.610000
24.749000
24.641000
24.410000
23.500000
23.437900
23.151800
22.935200
22.686800
21.999800
22.705300
22.800000
22.890400
22.968500
22.997800
22.848200
23.621000
23.749200
24.100000
24.202500
24.413400
24.328400
24.047700
24.080000
24.247700
24.499300
24.826100
24.533000
24.464300
24.742400
24.867200
24.760000
24.827600
25.111200
25.405700
25.405400
25.537400
25.665400
25.558400
25.371100
25.395900
25.535600
25.921800
25.958600
25.991100
26.266900
26.520000
26.775700
26.784700
26.887500
26.808700
26.656400
26.641600
26.514700
26.708300
26.727600
26.585500
26.320000
26.184000
26.079000
26.447000
26.464200
26.474400
26.288400
26.355700
26.567900
26.338000
26.200400
26.524300
25.920500
25.979300
26.100400
26.093000
26.141100
26.296100
26.560600
26.464000
26.542700
26.685000
26.966500
26.882600
26.539300
26.737900
26.826600
27.048900
26.992000
26.964700
26.898000
26.872700
26.788200
26.919800
27.018700
26.782500
26.917300
26.965500
27.050000
26.764100
26.598900
27.160200
27.028100
26.689900
26.427700
26.470000
26.667100
26.315200
26.428800
26.490000
26.620700
26.437900
26.261300
26.513500
26.366600
25.985000
26.039700
25.765600
25.536300
25.394000
25.236400
25.614300
26.177200
26.306600
26.305400
26.333000
26.288700
26.194600
26.218900
26.428100
26.400000
26.231200
26.499100
26.650000
26.982600
26.937400
26.718800
26.700200
26.667300
26.938800
27.308600
27.389300
27.284300
27.545800
27.589900
27.415400
27.324300
27.270100
27.129700
27.350000
27.223000
27.335100
27.096700
27.030100
27.032200
26.944300
27.098900
27.414100
27.148200
27.290700
27.189000
27.364300
27.186900
26.797500
26.680000
26.102100
26.221100
26.138700
26.605500
26.347300
26.062000
26.312000
25.690000
25.790100
26.220400
26.455000
26.278500
26.478300
26.389800
25.625400
25.888300
25.662100
25.854000
26.268000
26.330000
26.192000
26.414000
26.653000
26.520200
26.843400
27.184000
27.760000
27.784000
27.910000
27.991000
27.938000
27.880900
27.841000
27.791400
27.822000
27.493000
27.810000
27.686000
27.575800
27.700200
27.217000
26.790000
26.820000
27.198000
27.130000
26.755000
26.895000
26.951600
27.412000
27.203000
27.328000
27.346800
27.565000
27.663900
27.817500
27.963000
27.968700
27.936000
27.970000
27.914000
27.966600
28.010000
27.750000
28.305000
28.489800
28.336000
28.127300
28.157000
28.046000
27.990000
28.003000
27.990000
27.905400
27.959000
27.839300
27.752000
27.675000
27.547000
27.631000
27.943000
28.000000
28.068000
27.886000
27.666000
27.560000
27.720700
27.783000
27.996000
28.030000
28.078000
28.279000
28.483000
28.322000
28.274300
28.531000
28.730000
28.659600
28.713900
28.621000
28.621200
28.652000
28.564000
28.535100
28.660000
28.433000
28.377000
28.350800
28.280000
28.133100
28.133000
28.022700
28.265400
28.410000
28.595700
28.880000
28.986000
28.734900
28.671000
28.858700
28.570000
28.311900
28.463000
28.397000
28.456100
28.010000
28.238500
28.360000
28.647000
28.418000
28.458000
28.695900
28.826000
28.949200
28.963000
28.873000
28.970700
29.021600
28.908000
28.272400
27.290000
26.885000
25.729000
24.988100
25.963900
25.617600
26.644000
25.829000
25.404700
23.044100
23.476200
22.240000
19.768000
20.859800
18.483500
19.958900
18.493000
18.996300
17.619000
17.105000
18.635000
18.987000
20.374000
19.837100
20.423000
20.264500
19.220000
19.616400
18.950000
20.330000
20.287100
21.230000
22.194000
21.550000
21.940000
20.853400
20.780000
21.650000
20.980000
20.630000
20.910000
21.130000
21.290000
22.010000
22.510000
23.300000
22.500000
21.620000
21.580000
21.736400
21.050000
21.300000
22.110000
21.710000
20.970000
20.300000
20.433500
20.569100
22.060000
21.630000
22.230000
22.189500
22.311600
23.140000
23.800100
23.580500
23.520100
23.738600
24.190000
24.820000
24.940000
26.000000
26.435100
25.760000
25.050000
23.040000
23.432200
23.797100
24.510000
24.069000
23.931400
23.550000
23.670000
23.610000
22.970000
23.086600
22.670000
23.420000
23.710000
23.510000
23.660000
23.740000
23.370000
23.330000
22.800000
23.340000
23.370000
23.740000
24.240000
24.270000
24.510000
24.120000
