12.500000
12.440000
12.440000
12.560000
12.690000
12.560000
12.250000
12.130000
12.130000
12.250000
12.060000
12.250000
12.130000
12.130000
11.810000
11.750000
11.810000
11.810000
11.810000
11.690000
11.560000
11.750000
11.940000
11.750000
11.810000
11.560000
11.750000
11.750000
11.880000
11.880000
11.940000
12.000000
11.940000
12.000000
12.130000
11.690000
12.060000
11.750000
11.880000
11.880000
11.810000
11.810000
11.940000
12.000000
12.190000
12.190000
12.250000
12.440000
12.310000
12.310000
12.250000
12.190000
12.130000
12.060000
11.940000
11.940000
11.750000
11.880000
11.940000
12.000000
12.190000
12.130000
12.190000
12.500000
12.440000
12.500000
12.560000
12.440000
12.190000
12.250000
12.190000
12.130000
12.130000
12.060000
12.130000
12.130000
12.000000
12.130000
12.130000
12.060000
12.060000
12.000000
11.940000
11.880000
11.880000
11.880000
11.940000
11.810000
11.810000
11.690000
11.560000
11.500000
11.560000
11.500000
11.500000
11.500000
11.630000
11.560000
11.500000
11.630000
11.690000
11.690000
11.810000
11.880000
11.940000
11.940000
11.880000
12.000000
12.060000
12.130000
12.190000
12.130000
12.000000
11.940000
11.880000
11.880000
11.630000
11.560000
11.560000
11.500000
11.630000
11.560000
11.440000
11.500000
11.560000
11.560000
11.630000
11.560000
11.500000
11.440000
11.440000
11.440000
11.250000
11.250000
11.190000
11.130000
11.190000
10.940000
10.940000
11.000000
11.000000
11.060000
11.060000
11.060000
11.190000
11.190000
11.250000
11.380000
11.630000
11.750000
11.630000
11.690000
11.690000
11.810000
11.880000
11.940000
11.940000
11.750000
11.750000
11.750000
11.810000
11.690000
11.810000
11.810000
11.690000
11.810000
11.810000
11.810000
11.880000
11.810000
11.940000
11.880000
12.000000
12.060000
12.190000
12.060000
12.130000
12.060000
12.130000
12.060000
12.130000
12.130000
12.130000
12.130000
12.130000
12.190000
12.190000
12.130000
12.130000
12.060000
12.060000
12.190000
12.190000
12.060000
12.130000
12.250000
12.250000
12.250000
12.250000
12.440000
12.380000
12.440000
12.440000
12.500000
12.440000
12.380000
12.380000
12.310000
12.310000
12.310000
12.310000
12.440000
12.380000
12.440000
12.440000
12.500000
12.380000
12.440000
12.380000
12.500000
12.310000
12.310000
12.250000
12.250000
12.250000
12.250000
12.190000
12.060000
12.060000
12.130000
12.060000
12.130000
12.130000
12.060000
12.130000
12.060000
11.940000
12.000000
12.060000
12.000000
12.000000
11.880000
11.810000
11.880000
11.880000
11.880000
11.880000
11.880000
11.880000
11.880000
11.880000
11.810000
11.880000
11.940000
12.000000
11.880000
12.060000
11.880000
11.940000
11.940000
12.000000
11.880000
11.940000
11.880000
11.880000
11.880000
11.810000
11.810000
11.810000
11.880000
11.880000
11.880000
11.880000
11.940000
12.190000
12.000000
12.130000
12.060000
12.060000
12.130000
12.130000
12.130000
12.130000
12.250000
12.310000
12.250000
12.440000
12.310000
12.440000
12.560000
12.560000
12.500000
12.630000
12.630000
12.690000
12.810000
12.690000
12.810000
12.880000
13.190000
13.380000
13.130000
13.380000
13.250000
13.380000
13.630000
13.500000
13.560000
13.440000
13.440000
13.310000
13.130000
13.190000
13.150000
13.300000
13.450000
13.440000
13.590000
13.460000
13.660000
13.700000
13.690000
13.740000
13.690000
13.660000
13.550000
13.530000
13.370000
13.330000
13.470000
13.350000
13.560000
13.400000
13.500000
13.530000
13.600000
13.650000
13.650000
13.580000
13.660000
13.730000
13.650000
13.570000
13.660000
13.640000
13.520000
13.550000
13.560000
13.610000
13.700000
13.750000
13.630000
13.560000
13.550000
13.510000
13.550000
13.520000
13.520000
13.500000
13.520000
13.500000
13.500000
13.450000
13.500000
13.360000
13.370000
13.220000
13.290000
13.370000
13.350000
13.400000
13.450000
13.370000
13.400000
13.330000
13.390000
13.480000
13.410000
13.450000
13.470000
13.530000
13.590000
13.580000
13.650000
13.650000
13.610000
13.620000
13.600000
13.610000
13.470000
13.510000
13.520000
13.480000
13.530000
13.480000
13.510000
13.460000
13.490000
13.500000
13.510000
13.600000
13.530000
13.640000
13.630000
13.630000
13.630000
13.610000
13.630000
13.580000
13.620000
13.640000
13.650000
13.600000
13.620000
13.580000
13.380000
13.490000
13.500000
13.500000
13.500000
13.550000
13.610000
13.610000
13.580000
13.600000
13.720000
13.740000
13.600000
13.600000
13.610000
13.660000
13.730000
13.770000
13.800000
13.840000
13.860000
13.820000
13.800000
13.820000
13.920000
13.960000
13.950000
13.900000
13.880000
13.930000
13.970000
13.840000
13.910000
13.970000
13.950000
13.970000
14.000000
14.030000
14.040000
14.050000
14.110000
14.130000
14.180000
14.280000
14.200000
14.290000
14.180000
14.190000
14.210000
14.170000
14.220000
14.300000
14.440000
14.300000
14.050000
13.780000
13.580000
13.590000
13.580000
13.630000
13.530000
13.600000
13.750000
13.810000
13.930000
14.150000
14.100000
14.110000
14.200000
14.200000
14.180000
14.270000
14.010000
14.130000
14.170000
14.240000
14.130000
14.220000
14.130000
14.260000
14.200000
14.240000
14.200000
14.160000
14.120000
14.170000
14.220000
14.370000
14.510000
14.560000
14.540000
14.550000
14.500000
14.500000
14.560000
14.520000
14.580000
14.430000
14.150000
14.200000
14.190000
14.100000
14.100000
14.110000
13.890000
13.970000
13.930000
13.950000
13.940000
13.970000
13.810000
13.750000
13.650000
13.500000
13.550000
13.480000
13.460000
13.540000
13.450000
13.420000
13.450000
13.390000
13.420000
13.440000
13.400000
13.470000
13.520000
13.730000
13.630000
13.700000
13.710000
13.830000
13.890000
13.930000
13.930000
13.840000
13.860000
13.910000
14.030000
13.970000
13.900000
13.970000
13.900000
13.870000
13.800000
13.860000
13.930000
13.980000
14.010000
14.050000
14.060000
14.000000
13.960000
14.000000
14.080000
14.110000
14.150000
14.100000
14.150000
14.160000
14.150000
14.050000
14.100000
14.180000
14.120000
14.000000
14.040000
14.150000
14.140000
14.190000
14.130000
14.130000
14.110000
14.000000
13.840000
13.970000
13.930000
13.920000
13.780000
13.670000
13.690000
13.360000
13.310000
13.360000
13.180000
13.210000
13.300000
13.220000
13.230000
13.330000
13.490000
13.520000
13.550000
13.660000
13.600000
13.600000
13.590000
13.670000
13.600000
13.540000
13.560000
13.650000
13.640000
13.580000
13.560000
13.630000
13.630000
13.640000
13.720000
13.750000
13.800000
13.900000
13.960000
13.960000
14.010000
13.970000
13.980000
13.960000
14.030000
13.860000
13.870000
13.850000
13.840000
13.830000
13.850000
14.010000
13.970000
13.980000
14.060000
14.000000
14.230000
14.200000
14.130000
14.000000
14.000000
14.100000
14.120000
14.070000
14.150000
14.150000
14.200000
14.260000
14.200000
14.300000
14.180000
14.310000
14.390000
14.410000
14.410000
14.490000
14.540000
14.530000
14.620000
14.620000
14.520000
14.570000
14.550000
14.550000
14.540000
14.540000
14.590000
14.640000
14.500000
14.410000
14.430000
14.510000
14.500000
14.500000
14.440000
14.540000
14.570000
14.500000
14.600000
14.640000
14.650000
14.730000
14.720000
14.860000
14.930000
14.740000
14.850000
14.670000
14.610000
14.750000
14.530000
14.650000
14.580000
14.540000
14.640000
14.500000
14.570000
14.570000
14.600000
14.590000
14.690000
14.690000
14.750000
14.730000
14.740000
14.800000
14.780000
14.840000
14.760000
14.820000
14.820000
14.770000
14.840000
14.850000
14.860000
14.820000
14.890000
14.850000
14.890000
14.930000
14.880000
14.950000
14.990000
14.980000
14.980000
14.970000
14.990000
14.830000
14.860000
14.910000
14.800000
14.690000
14.490000
14.440000
14.080000
13.900000
13.660000
13.580000
13.690000
13.790000
13.800000
13.840000
13.990000
13.940000
13.950000
14.050000
14.050000
14.050000
14.120000
14.110000
14.150000
14.180000
14.160000
14.210000
14.070000
14.000000
13.950000
13.910000
13.970000
13.840000
13.870000
13.700000
13.740000
13.780000
13.790000
13.820000
13.860000
13.850000
13.910000
13.950000
13.910000
13.980000
13.920000
13.900000
13.850000
13.820000
13.840000
13.940000
13.900000
13.950000
13.950000
13.970000
14.000000
14.150000
14.280000
14.320000
14.330000
14.350000
14.380000
14.350000
14.340000
14.040000
14.040000
14.060000
13.970000
13.970000
13.980000
14.020000
14.060000
14.020000
14.000000
14.140000
14.140000
14.190000
14.190000
14.150000
14.210000
14.300000
14.200000
14.230000
14.200000
14.260000
14.270000
14.290000
14.200000
14.200000
14.150000
14.110000
14.200000
14.170000
14.230000
14.240000
14.210000
14.350000
14.420000
14.410000
14.430000
14.550000
14.590000
14.450000
14.460000
14.490000
14.520000
14.590000
14.350000
14.410000
14.380000
14.380000
14.390000
14.270000
14.280000
14.300000
14.330000
14.390000
14.480000
14.500000
14.570000
14.560000
14.430000
14.520000
14.440000
14.480000
14.530000
14.610000
14.610000
14.630000
14.550000
14.540000
14.600000
14.520000
14.600000
14.620000
14.720000
14.710000
14.730000
14.730000
14.820000
14.850000
14.840000
14.900000
14.960000
14.970000
15.000000
15.050000
15.150000
15.170000
15.220000
15.160000
15.210000
15.280000
15.240000
15.300000
15.270000
15.350000
15.280000
15.240000
15.250000
15.270000
15.400000
15.550000
15.590000
15.620000
15.670000
15.660000
15.740000
15.800000
15.890000
15.710000
15.750000
15.800000
15.600000
15.400000
15.440000
15.310000
15.290000
15.350000
15.400000
15.450000
15.410000
15.460000
15.500000
15.520000
15.470000
15.510000
15.410000
15.440000
15.410000
15.400000
15.350000
15.080000
14.990000
14.520000
14.640000
14.400000
14.430000
14.450000
14.330000
14.400000
14.370000
14.190000
14.200000
14.070000
13.970000
14.100000
14.170000
14.330000
14.370000
14.300000
14.320000
14.400000
14.300000
14.090000
14.250000
14.250000
14.250000
14.280000
14.190000
14.170000
14.100000
14.150000
14.110000
14.100000
14.120000
14.060000
14.130000
14.230000
14.310000
14.330000
14.400000
14.350000
14.360000
14.410000
14.400000
14.420000
14.440000
14.450000
14.440000
14.330000
14.500000
14.500000
14.530000
14.620000
14.640000
14.690000
14.750000
14.780000
14.670000
14.740000
14.730000
14.770000
14.740000
14.750000
14.690000
14.640000
14.540000
14.550000
14.510000
14.500000
14.640000
14.600000
14.630000
14.670000
14.650000
14.670000
14.640000
14.610000
14.690000
14.650000
14.630000
14.620000
14.530000
14.500000
14.500000
14.610000
14.440000
14.500000
14.460000
14.540000
14.600000
14.510000
14.640000
14.600000
14.580000
14.620000
14.780000
14.770000
14.630000
14.610000
14.530000
14.510000
14.630000
14.710000
14.700000
14.700000
14.660000
14.730000
14.870000
14.810000
14.850000
14.900000
14.870000
14.920000
14.790000
14.940000
14.980000
14.850000
14.940000
15.010000
15.000000
15.200000
15.200000
15.310000
15.270000
15.320000
15.460000
15.440000
15.370000
15.480000
15.450000
15.420000
15.450000
15.470000
15.450000
15.380000
15.370000
15.230000
15.070000
15.190000
15.350000
15.360000
15.360000
15.280000
15.360000
15.400000
15.400000
15.340000
15.360000
15.400000
15.350000
15.350000
15.400000
15.420000
15.470000
15.410000
15.480000
15.490000
15.520000
15.480000
15.510000
15.450000
15.330000
15.510000
15.480000
15.580000
15.540000
15.430000
15.410000
15.420000
15.450000
15.500000
15.500000
15.460000
15.550000
15.600000
15.640000
15.560000
15.520000
15.490000
15.490000
15.520000
15.520000
15.350000
14.730000
14.980000
14.900000
14.810000
14.850000
14.700000
14.200000
14.280000
14.380000
14.400000
14.350000
14.250000
14.370000
14.300000
14.300000
14.200000
14.260000
14.220000
14.250000
14.150000
14.150000
14.110000
14.140000
14.030000
13.850000
13.820000
13.650000
13.620000
13.810000
13.680000
13.790000
13.760000
13.830000
13.800000
14.000000
14.210000
14.120000
14.290000
14.200000
14.230000
14.220000
14.300000
14.270000
14.300000
14.250000
14.220000
14.160000
14.010000
14.050000
14.000000
14.040000
14.090000
14.190000
14.140000
14.070000
14.070000
14.070000
13.950000
13.960000
14.150000
14.150000
14.250000
14.240000
14.390000
14.440000
14.520000
14.760000
14.630000
14.620000
14.610000
14.690000
14.650000
14.510000
14.480000
14.650000
14.680000
14.590000
14.520000
14.630000
14.640000
14.680000
14.670000
14.710000
14.700000
14.720000
14.800000
14.800000
14.790000
14.800000
14.790000
14.770000
14.810000
14.890000
14.910000
14.850000
14.820000
14.850000
14.860000
14.890000
14.960000
14.960000
15.020000
15.040000
15.150000
15.030000
15.020000
15.170000
15.180000
15.190000
15.200000
15.220000
15.270000
15.200000
15.260000
15.250000
15.250000
15.310000
15.330000
15.340000
15.320000
15.260000
15.320000
15.240000
15.220000
15.200000
15.150000
15.180000
15.170000
15.140000
15.230000
15.370000
15.400000
15.310000
15.390000
15.360000
15.390000
15.380000
15.300000
15.330000
15.350000
15.340000
15.330000
15.350000
15.350000
15.370000
15.400000
15.440000
15.490000
15.510000
15.220000
14.820000
14.830000
14.940000
15.100000
15.330000
15.390000
15.350000
15.370000
15.390000
15.300000
15.380000
15.390000
15.310000
15.380000
15.340000
15.310000
15.370000
15.290000
15.440000
15.400000
15.400000
15.500000
15.510000
15.600000
15.380000
15.320000
15.340000
15.360000
15.370000
15.400000
15.300000
15.400000
15.390000
15.440000
15.360000
15.440000
15.480000
15.540000
15.500000
15.370000
15.410000
15.450000
15.440000
15.350000
15.380000
15.420000
15.430000
15.480000
15.360000
15.360000
15.390000
15.420000
15.390000
15.300000
15.380000
15.410000
15.370000
15.400000
15.390000
15.400000
15.410000
15.450000
15.450000
15.440000
15.500000
15.470000
15.440000
15.460000
15.410000
15.400000
15.280000
15.230000
15.000000
15.120000
15.190000
15.310000
15.320000
15.330000
15.420000
15.450000
15.470000
15.530000
15.470000
15.450000
15.360000
15.140000
15.010000
15.050000
14.880000
14.880000
14.900000
14.790000
14.760000
14.550000
14.670000
14.600000
14.630000
14.700000
14.870000
14.860000
14.950000
15.030000
15.050000
15.010000
15.120000
15.250000
15.240000
15.150000
15.140000
15.090000
15.120000
15.160000
15.110000
15.050000
15.160000
15.210000
15.180000
15.200000
15.090000
15.130000
15.120000
15.130000
15.350000
15.350000
15.230000
15.220000
15.300000
15.250000
15.310000
15.250000
15.290000
15.260000
15.300000
15.300000
15.360000
15.380000
15.430000
15.430000
15.380000
15.500000
15.530000
15.550000
15.600000
15.590000
15.580000
15.590000
15.560000
15.570000
15.420000
15.300000
15.250000
15.240000
15.210000
15.290000
15.340000
15.390000
15.480000
15.400000
15.490000
15.580000
15.580000
15.610000
15.730000
15.690000
15.720000
15.870000
15.890000
15.810000
15.770000
15.630000
15.640000
15.600000
15.480000
15.400000
15.440000
15.470000
15.340000
15.400000
15.290000
15.320000
15.470000
15.560000
15.560000
15.590000
15.730000
15.670000
15.700000
15.590000
15.490000
15.640000
15.680000
15.660000
15.550000
15.430000
15.420000
15.450000
15.440000
15.410000
15.390000
15.510000
15.570000
15.580000
15.570000
15.610000
15.640000
15.630000
15.640000
15.710000
15.820000
15.850000
15.750000
15.850000
15.670000
15.720000
15.760000
15.660000
15.480000
15.520000
15.640000
15.780000
15.810000
15.610000
15.720000
15.780000
15.790000
15.840000
15.880000
15.790000
15.860000
15.830000
15.900000
15.830000
15.780000
15.710000
15.600000
15.510000
15.430000
15.410000
15.070000
15.230000
15.150000
15.230000
15.310000
15.310000
15.230000
15.260000
15.220000
15.310000
15.270000
15.280000
15.250000
15.290000
15.300000
15.380000
15.360000
15.120000
15.130000
15.140000
15.090000
15.090000
15.140000
15.220000
15.400000
15.390000
15.420000
15.450000
15.450000
15.570000
15.620000
15.540000
15.620000
15.500000
15.710000
15.660000
15.650000
15.630000
15.630000
15.570000
15.470000
15.520000
15.520000
15.420000
15.600000
15.600000
15.540000
15.600000
15.570000
15.620000
15.610000
15.650000
15.700000
15.690000
15.690000
15.660000
15.630000
15.610000
15.610000
15.600000
15.530000
15.570000
15.560000
15.600000
15.610000
15.610000
15.630000
15.570000
15.580000
15.590000
15.590000
15.570000
15.590000
15.370000
15.390000
15.360000
15.360000
15.400000
15.470000
15.420000
15.300000
15.370000
15.300000
15.270000
15.350000
15.320000
15.310000
15.340000
15.360000
15.330000
15.350000
15.300000
15.370000
15.300000
15.250000
15.160000
15.080000
15.030000
15.000000
15.070000
15.070000
15.050000
15.180000
15.130000
15.080000
15.070000
15.150000
15.190000
15.250000
15.320000
15.340000
15.300000
15.150000
15.220000
15.210000
15.230000
15.210000
15.170000
15.040000
15.130000
15.070000
15.050000
14.920000
14.780000
14.760000
14.810000
14.770000
14.890000
14.950000
14.910000
15.030000
15.110000
14.970000
14.900000
15.040000
15.000000
15.080000
15.010000
15.130000
15.070000
15.080000
15.140000
15.020000
15.150000
15.170000
15.170000
15.120000
15.050000
15.100000
14.950000
14.960000
14.830000
14.880000
14.880000
14.900000
14.890000
15.060000
15.000000
14.860000
14.730000
14.790000
14.750000
14.670000
14.670000
14.570000
14.500000
14.490000
14.430000
14.360000
14.240000
14.180000
14.090000
14.030000
13.970000
14.000000
14.000000
14.060000
14.160000
14.170000
14.210000
14.350000
14.340000
14.270000
14.240000
14.120000
14.110000
14.130000
14.120000
14.100000
14.080000
14.050000
14.140000
14.110000
14.120000
14.230000
14.280000
14.280000
14.340000
14.380000
14.430000
14.370000
14.400000
14.360000
14.410000
14.490000
14.490000
14.420000
14.420000
14.530000
14.390000
14.410000
14.410000
14.460000
14.480000
14.490000
14.470000
14.490000
14.510000
14.580000
14.560000
14.670000
14.680000
14.550000
14.490000
14.620000
14.530000
14.610000
14.620000
14.600000
14.680000
14.570000
14.550000
14.520000
14.530000
14.550000
14.520000
14.540000
14.650000
14.680000
14.670000
14.710000
14.670000
14.710000
14.670000
14.700000
14.690000
14.660000
14.670000
14.640000
14.600000
14.630000
14.620000
14.610000
14.620000
14.620000
14.610000
14.570000
14.620000
14.620000
14.620000
14.680000
14.670000
14.670000
14.700000
14.560000
14.640000
14.640000
14.630000
14.600000
14.610000
14.580000
14.600000
14.620000
14.610000
14.580000
14.550000
14.510000
14.560000
14.560000
14.530000
14.560000
14.550000
14.580000
14.650000
14.740000
14.770000
14.630000
14.570000
14.630000
14.510000
14.530000
14.500000
14.430000
14.450000
14.350000
14.300000
14.230000
14.220000
14.260000
14.320000
14.300000
14.300000
14.390000
14.450000
14.470000
14.450000
14.450000
14.470000
14.400000
14.340000
14.300000
14.300000
14.290000
14.240000
14.280000
14.240000
14.240000
14.230000
14.230000
14.200000
14.280000
14.340000
14.340000
14.300000
14.360000
14.300000
14.380000
14.390000
14.420000
14.420000
14.420000
14.350000
14.350000
14.360000
14.370000
14.310000
14.320000
14.290000
14.330000
14.400000
14.400000
14.420000
14.420000
14.470000
14.470000
14.510000
14.500000
14.560000
14.480000
14.490000
14.520000
14.500000
14.450000
14.360000
14.410000
14.340000
14.340000
14.340000
14.340000
14.400000
14.370000
14.370000
14.370000
14.380000
14.350000
14.350000
14.370000
14.410000
14.460000
14.510000
14.480000
14.390000
14.350000
14.320000
14.340000
14.340000
14.360000
14.330000
14.300000
14.310000
14.290000
14.310000
14.320000
14.330000
14.390000
14.470000
14.480000
14.450000
14.480000
14.460000
14.410000
14.360000
14.360000
14.370000
14.350000
14.390000
14.360000
14.320000
14.250000
14.250000
14.200000
14.140000
14.100000
14.170000
14.230000
14.250000
14.240000
14.240000
14.190000
14.160000
14.030000
13.990000
13.950000
13.820000
13.750000
13.760000
13.770000
13.740000
13.770000
13.750000
13.750000
13.680000
13.690000
13.730000
13.760000
13.730000
13.830000
13.880000
13.870000
13.800000
13.770000
13.690000
13.730000
13.700000
13.640000
13.630000
13.640000
13.560000
13.540000
13.570000
13.570000
13.650000
13.660000
13.580000
13.460000
13.660000
13.790000
13.820000
13.780000
13.760000
13.750000
13.790000
13.750000
13.680000
13.560000
13.450000
13.310000
13.200000
13.100000
12.860000
13.140000
13.280000
13.390000
13.540000
13.580000
13.530000
13.480000
13.330000
13.500000
13.600000
13.660000
13.640000
13.730000
13.820000
13.850000
14.050000
14.120000
14.070000
13.840000
13.880000
13.810000
13.840000
13.790000
13.590000
13.660000
13.560000
13.610000
13.750000
13.770000
13.780000
13.770000
13.700000
13.820000
13.820000
13.740000
13.780000
13.820000
13.790000
13.750000
13.510000
13.610000
13.510000
13.450000
13.390000
13.340000
13.360000
13.400000
13.360000
13.330000
13.450000
13.470000
13.400000
13.400000
13.350000
13.390000
13.360000
13.300000
13.180000
13.090000
13.120000
13.140000
13.150000
12.890000
12.840000
12.660000
12.650000
12.740000
12.740000
12.800000
12.870000
12.840000
12.860000
12.900000
12.930000
13.030000
13.270000
13.340000
13.280000
13.290000
13.250000
13.310000
13.060000
12.890000
12.860000
12.900000
12.990000
12.860000
12.850000
12.730000
12.930000
12.910000
12.950000
13.070000
13.210000
13.360000
13.540000
13.670000
13.680000
13.650000
13.640000
13.730000
13.770000
13.780000
13.790000
13.890000
13.750000
13.660000
13.750000
13.870000
13.900000
13.800000
13.860000
13.880000
13.830000
13.830000
13.700000
13.790000
13.860000
14.010000
13.880000
13.880000
13.860000
14.100000
13.860000
13.220000
13.110000
13.400000
13.240000
13.290000
13.260000
13.360000
13.450000
13.350000
13.000000
12.730000
13.100000
13.080000
13.190000
13.060000
13.150000
13.050000
13.080000
12.940000
12.950000
12.860000
12.760000
12.700000
12.640000
12.590000
12.810000
13.010000
13.030000
13.070000
13.140000
13.120000
13.150000
13.210000
13.240000
13.290000
13.430000
13.340000
13.340000
13.410000
13.310000
13.250000
13.210000
13.250000
13.220000
13.290000
13.380000
13.370000
13.420000
13.390000
13.390000
13.310000
13.300000
13.380000
13.400000
13.430000
13.440000
13.550000
13.410000
13.460000
13.600000
13.600000
13.550000
13.540000
13.610000
13.650000
13.580000
13.570000
13.600000
13.690000
13.690000
13.600000
13.540000
13.500000
13.410000
13.500000
13.380000
13.330000
13.360000
13.360000
13.330000
13.300000
13.160000
13.040000
12.930000
12.920000
12.870000
12.870000
12.720000
12.580000
12.510000
12.600000
12.550000
12.450000
12.450000
12.500000
12.510000
12.640000
12.680000
12.580000
12.540000
12.570000
12.580000
12.480000
12.410000
12.350000
12.280000
12.280000
12.300000
12.360000
12.400000
12.330000
12.280000
12.290000
12.260000
12.290000
12.280000
12.300000
12.270000
12.290000
12.290000
12.250000
12.240000
12.300000
12.270000
12.260000
12.230000
12.350000
12.280000
12.320000
12.240000
12.240000
12.230000
12.310000
12.280000
12.260000
12.260000
12.250000
12.280000
12.230000
12.300000
12.360000
12.380000
12.380000
12.350000
12.330000
12.290000
12.290000
12.170000
11.880000
11.700000
11.120000
11.540000
11.300000
11.060000
11.020000
11.030000
10.990000
10.050000
10.200000
10.400000
10.530000
10.650000
10.140000
9.840000
9.710000
8.040000
7.820000
9.070000
9.250000
8.950000
9.050000
9.640000
9.940000
10.050000
10.210000
10.360000
10.180000
10.400000
10.840000
10.450000
10.310000
10.160000
10.120000
10.280000
10.510000
10.660000
10.580000
10.670000
10.470000
9.940000
9.800000
9.750000
9.620000
9.540000
9.260000
9.030000
9.050000
9.240000
9.250000
9.180000
9.230000
9.100000
9.070000
9.020000
8.920000
8.850000
8.870000
8.750000
8.610000
8.420000
8.280000
8.180000
8.200000
8.540000
8.600000
8.780000
8.900000
8.930000
9.070000
9.280000
9.240000
9.410000
9.510000
9.850000
10.250000
10.510000
10.360000
10.580000
10.950000
11.050000
10.860000
10.560000
10.520000
10.660000
10.560000
10.590000
10.460000
10.380000
10.470000
10.680000
10.620000
10.560000
10.600000
10.680000
10.670000
10.620000
10.670000
10.750000
10.780000
10.930000
10.890000
10.920000
11.020000
10.670000
10.480000
10.450000
10.150000
9.860000
10.150000
10.150000
10.180000
10.250000
10.010000
9.940000
10.060000
10.000000
9.880000
9.800000
9.870000
9.890000
9.820000
9.890000
9.930000
9.900000
9.970000
10.100000
10.130000
10.140000
10.100000
10.070000
10.180000
10.160000
10.140000
10.230000
10.310000
10.400000
10.450000
10.410000
10.420000
10.420000
10.430000
10.290000
10.350000
10.420000
10.500000
10.610000
10.580000
10.700000
10.650000
10.770000
10.730000
10.700000
10.720000
10.750000
10.780000
10.910000
11.050000
11.060000
11.140000
11.140000
11.180000
11.200000
11.300000
11.140000
11.130000
11.240000
11.400000
11.350000
11.470000
11.470000
11.580000
11.640000
11.640000
11.510000
11.520000
11.550000
11.780000
11.770000
11.730000
11.710000
11.550000
11.580000
11.500000
11.540000
11.450000
11.290000
11.370000
11.340000
11.360000
11.430000
11.420000
11.360000
11.450000
11.380000
11.450000
11.520000
11.440000
11.500000
11.380000
11.450000
11.450000
11.560000
11.550000
11.650000
11.710000
11.620000
11.660000
11.700000
11.720000
11.780000
11.850000
11.910000
11.910000
11.990000
12.120000
12.050000
12.160000
12.210000
12.260000
12.220000
12.260000
12.390000
12.270000
12.380000
12.430000
12.430000
12.340000
12.280000
12.290000
12.340000
12.260000
12.370000
12.400000
12.460000
12.470000
12.470000
12.520000
12.620000
12.650000
12.670000
12.660000
12.750000
12.910000
13.090000
13.110000
13.120000
13.110000
13.030000
13.160000
13.190000
13.200000
13.160000
13.190000
13.280000
13.330000
13.300000
13.300000
13.330000
13.270000
13.260000
13.240000
13.150000
13.130000
13.310000
13.460000
13.500000
13.570000
13.450000
13.200000
13.230000
12.870000
12.800000
12.880000
12.930000
13.050000
13.090000
13.030000
13.080000
13.000000
13.020000
12.950000
12.980000
12.900000
13.010000
12.930000
13.030000
13.030000
13.030000
12.960000
12.900000
12.890000
12.700000
12.670000
12.860000
12.850000
12.640000
12.700000
12.720000
12.760000
12.810000
12.900000
12.920000
12.850000
12.920000
12.860000
12.950000
12.900000
12.950000
12.920000
12.880000
13.030000
12.940000
12.850000
12.860000
12.800000
12.790000
12.720000
12.770000
12.800000
12.870000
12.870000
12.870000
12.940000
12.890000
12.980000
12.910000
13.010000
13.050000
13.090000
13.150000
13.210000
13.220000
13.140000
13.200000
13.170000
13.130000
13.180000
13.060000
13.050000
13.110000
13.120000
13.100000
13.040000
13.090000
13.120000
13.180000
13.250000
13.230000
13.270000
13.300000
13.340000
13.180000
13.230000
13.280000
13.280000
13.300000
13.310000
13.040000
12.930000
12.930000
13.100000
13.200000
13.260000
13.350000
13.280000
13.330000
13.320000
13.370000
13.370000
13.330000
13.440000
13.400000
13.360000
13.370000
13.380000
13.350000
13.400000
13.370000
13.320000
13.420000
13.430000
13.340000
13.350000
13.360000
13.330000
13.400000
13.510000
13.510000
13.560000
13.570000
13.380000
13.480000
13.500000
13.470000
13.480000
13.490000
13.520000
13.550000
13.580000
13.610000
13.660000
13.690000
13.780000
13.770000
13.820000
13.870000
13.880000
13.960000
13.980000
13.970000
13.830000
13.890000
13.860000
13.930000
13.920000
13.960000
13.940000
13.860000
13.860000
13.870000
13.910000
13.910000
13.930000
13.860000
13.980000
14.000000
14.000000
14.040000
14.100000
14.110000
14.080000
14.100000
14.120000
14.130000
14.130000
14.080000
14.110000
14.100000
14.000000
14.000000
14.060000
14.000000
13.970000
13.970000
14.010000
13.990000
14.070000
14.050000
14.090000
14.140000
14.140000
14.180000
14.190000
14.270000
14.230000
14.290000
14.250000
14.320000
14.370000
14.470000
14.420000
14.580000
14.600000
14.540000
14.600000
14.530000
14.500000
14.620000
14.650000
14.540000
14.730000
14.760000
14.860000
14.840000
15.000000
15.020000
15.040000
15.030000
14.950000
14.970000
14.990000
15.000000
14.970000
14.970000
15.010000
14.990000
15.030000
15.090000
15.160000
15.160000
15.230000
15.260000
15.070000
15.040000
14.930000
15.030000
15.070000
15.160000
15.080000
15.020000
14.960000
14.690000
14.740000
14.800000
14.800000
14.880000
14.950000
14.980000
14.940000
14.980000
14.980000
14.940000
14.870000
14.950000
14.940000
14.910000
14.870000
14.830000
14.830000
14.830000
14.880000
14.820000
14.800000
14.730000
14.660000
14.670000
14.740000
14.750000
14.620000
14.680000
14.760000
14.760000
14.770000
14.800000
14.820000
14.890000
14.990000
15.000000
15.030000
14.920000
14.730000
14.260000
13.750000
13.750000
13.380000
13.410000
13.730000
13.790000
13.860000
14.060000
14.020000
14.020000
14.210000
14.440000
14.470000
14.290000
14.050000
14.120000
14.030000
13.590000
13.440000
13.490000
13.350000
13.150000
12.930000
13.080000
13.380000
13.400000
13.070000
12.770000
13.120000
13.000000
13.070000
13.000000
13.110000
13.210000
13.350000
13.240000
13.300000
13.260000
13.250000
13.180000
13.130000
13.100000
12.850000
12.620000
12.370000
12.270000
12.280000
12.600000
12.790000
12.900000
12.880000
12.900000
12.920000
12.850000
12.910000
12.960000
12.940000
12.970000
12.930000
12.850000
12.840000
12.840000
12.870000
12.800000
12.720000
12.550000
12.720000
12.930000
12.960000
12.820000
12.850000
12.860000
12.870000
12.890000
12.960000
13.050000
12.950000
13.020000
12.990000
13.060000
12.970000
12.900000
12.840000
12.950000
12.950000
12.890000
13.020000
13.040000
13.020000
13.010000
13.040000
13.050000
13.080000
13.040000
13.030000
13.010000
13.020000
13.050000
13.100000
13.110000
13.130000
13.200000
13.150000
13.070000
13.010000
12.880000
12.870000
12.880000
12.910000
12.960000
13.010000
13.120000
13.030000
13.050000
13.120000
13.150000
13.180000
13.350000
13.490000
13.350000
13.260000
13.340000
13.350000
13.500000
13.440000
13.430000
13.470000
13.440000
13.440000
13.480000
13.460000
13.420000
13.500000
13.600000
13.520000
13.680000
13.700000
13.740000
13.740000
13.720000
13.700000
13.760000
13.750000
13.700000
13.670000
13.640000
13.580000
13.590000
13.550000
13.630000
13.680000
13.720000
13.770000
13.680000
13.680000
13.700000
13.620000
13.570000
13.520000
13.480000
13.520000
13.630000
13.680000
13.720000
13.740000
13.780000
13.760000
13.630000
13.680000
13.670000
13.580000
13.610000
13.690000
13.780000
13.790000
13.740000
13.550000
13.470000
13.440000
13.390000
13.500000
13.610000
13.760000
13.630000
13.550000
13.140000
13.180000
13.400000
13.400000
13.600000
13.830000
13.850000
13.930000
13.820000
13.840000
13.880000
13.650000
13.800000
13.830000
13.800000
13.850000
13.980000
14.050000
14.080000
14.070000
13.840000
13.910000
13.870000
13.890000
14.010000
14.000000
13.990000
13.930000
13.930000
13.980000
14.010000
14.050000
14.000000
14.080000
14.070000
14.150000
14.130000
14.230000
14.350000
14.410000
14.260000
14.370000
14.380000
14.400000
14.460000
14.450000
14.460000
14.570000
14.570000
14.440000
14.420000
14.510000
14.360000
14.410000
14.300000
14.270000
14.320000
14.360000
14.300000
14.230000
14.300000
14.300000
14.310000
14.370000
14.550000
14.620000
14.540000
14.370000
14.400000
14.380000
14.410000
14.560000
14.620000
14.680000
14.680000
14.680000
14.630000
14.660000
14.680000
14.730000
14.750000
14.730000
14.850000
14.900000
14.950000
14.990000
15.000000
15.010000
14.990000
14.900000
14.980000
14.930000
15.000000
14.950000
14.930000
15.150000
15.230000
15.320000
15.360000
15.370000
15.400000
15.500000
15.370000
15.340000
15.230000
15.190000
15.130000
15.000000
15.010000
15.030000
15.160000
15.230000
15.200000
15.250000
15.180000
15.330000
15.260000
15.240000
15.320000
15.510000
15.580000
15.630000
15.700000
15.660000
15.650000
15.640000
15.640000
15.650000
15.720000
16.040000
15.920000
15.780000
15.850000
15.780000
15.780000
15.760000
15.460000
15.360000
15.530000
15.560000
15.620000
15.680000
15.710000
15.770000
15.600000
15.650000
15.820000
15.830000
15.740000
15.740000
15.620000
15.230000
14.850000
14.450000
14.570000
14.610000
14.740000
14.660000
14.640000
14.540000
14.610000
14.760000
14.770000
14.750000
14.740000
14.760000
14.710000
14.810000
15.030000
15.090000
15.030000
14.950000
14.850000
14.930000
14.940000
15.060000
15.070000
14.970000
15.080000
15.050000
15.060000
15.140000
15.130000
15.120000
15.160000
15.220000
15.270000
15.390000
15.350000
15.470000
15.480000
15.440000
15.480000
15.470000
15.500000
15.600000
15.580000
15.430000
15.440000
15.420000
15.580000
15.740000
15.570000
15.410000
15.480000
15.510000
15.590000
15.510000
15.590000
15.550000
15.530000
15.560000
15.510000
15.380000
15.530000
15.390000
15.240000
15.260000
15.290000
15.310000
15.300000
15.280000
15.230000
15.200000
15.240000
15.250000
15.330000
15.420000
15.470000
15.450000
15.560000
15.620000
15.680000
15.620000
15.460000
15.480000
15.420000
15.610000
15.680000
15.710000
15.780000
15.720000
15.770000
15.900000
15.970000
15.990000
15.990000
16.050000
15.980000
15.980000
15.990000
16.050000
15.900000
15.880000
15.750000
15.900000
15.600000
15.700000
15.710000
15.820000
15.830000
15.800000
15.770000
15.480000
15.470000
15.500000
15.470000
15.540000
15.640000
15.700000
15.810000
15.850000
15.890000
16.000000
16.050000
16.080000
16.080000
15.870000
15.850000
15.840000
15.750000
15.890000
15.830000
15.800000
15.930000
15.930000
16.080000
16.130000
16.200000
16.320000
16.400000
16.400000
16.560000
16.340000
16.380000
16.480000
16.400000
16.490000
16.490000
16.530000
16.490000
16.300000
16.420000
16.430000
16.550000
16.480000
16.540000
16.570000
16.550000
16.590000
16.590000
16.700000
16.410000
16.360000
16.250000
16.710000
17.020000
16.870000
16.950000
16.920000
16.780000
16.720000
16.530000
16.870000
16.860000
16.900000
16.900000
16.890000
16.940000
16.950000
16.950000
16.860000
16.640000
16.510000
16.620000
16.470000
16.200000
15.990000
16.040000
16.000000
15.900000
15.690000
15.500000
15.450000
15.670000
15.740000
15.810000
15.880000
15.840000
15.700000
15.690000
15.650000
16.010000
16.190000
16.280000
16.410000
16.550000
16.630000
16.710000
16.690000
16.670000
16.590000
16.590000
16.650000
16.710000
16.770000
16.850000
16.850000
16.780000
16.780000
16.620000
16.600000
16.680000
16.640000
16.590000
16.520000
16.760000
16.710000
16.440000
16.350000
16.440000
16.320000
16.150000
16.060000
16.020000
15.890000
15.950000
16.030000
15.920000
16.000000
16.000000
15.960000
16.020000
15.980000
15.890000
15.950000
15.890000
15.560000
15.360000
15.270000
15.030000
14.760000
14.670000
15.060000
15.140000
15.310000
15.300000
15.310000
15.300000
15.290000
15.330000
15.300000
15.310000
15.390000
15.350000
15.360000
15.410000
15.300000
15.360000
15.420000
15.330000
15.340000
15.360000
15.310000
15.350000
15.390000
15.420000
15.370000
15.500000
15.490000
15.460000
15.490000
15.600000
15.650000
15.710000
15.810000
15.720000
15.690000
15.730000
15.760000
15.830000
15.830000
15.510000
15.490000
15.310000
15.360000
15.500000
15.540000
15.520000
15.560000
15.580000
15.500000
15.400000
15.130000
14.930000
14.750000
14.490000
14.550000
14.600000
14.700000
14.710000
14.400000
14.180000
13.680000
13.700000
13.880000
13.880000
13.830000
13.720000
13.490000
13.380000
13.030000
13.040000
13.490000
13.770000
13.770000
13.820000
13.710000
13.520000
13.250000
13.280000
13.260000
13.080000
13.210000
13.080000
12.970000
13.020000
13.090000
12.980000
12.810000
12.630000
12.810000
12.580000
12.350000
12.470000
12.590000
12.690000
12.570000
12.480000
12.480000
12.290000
12.260000
12.290000
12.280000
12.280000
12.230000
12.090000
12.180000
12.140000
12.090000
12.040000
12.290000
12.200000
12.510000
12.450000
12.550000
12.470000
12.470000
12.270000
12.320000
12.330000
12.370000
12.330000
12.360000
12.390000
12.300000
12.230000
12.120000
12.080000
12.200000
12.380000
12.740000
12.690000
12.710000
12.790000
12.830000
12.810000
12.850000
12.690000
12.760000
12.790000
12.830000
12.670000
12.550000
12.500000
12.450000
12.480000
12.460000
12.390000
12.240000
12.200000
12.300000
12.610000
12.590000
12.610000
12.600000
12.720000
12.680000
12.670000
12.730000
12.750000
12.740000
12.710000
12.530000
12.600000
12.670000
12.690000
12.690000
12.620000
12.630000
12.500000
12.420000
12.380000
12.400000
12.390000
12.360000
12.360000
12.380000
12.410000
12.290000
12.250000
12.290000
12.320000
12.220000
12.210000
12.220000
12.080000
12.090000
12.090000
12.100000
11.970000
12.000000
12.010000
12.040000
12.160000
12.170000
12.400000
12.470000
12.620000
12.550000
12.480000
12.460000
12.480000
12.460000
12.580000
12.740000
12.960000
12.950000
12.810000
12.720000
12.880000
12.840000
12.830000
12.820000
12.820000
12.900000
12.920000
13.030000
13.120000
12.990000
13.030000
13.060000
13.020000
13.050000
13.080000
13.060000
13.010000
13.010000
12.950000
13.090000
13.170000
13.170000
12.980000
13.020000
12.950000
12.940000
12.980000
12.990000
13.110000
13.120000
13.050000
13.100000
13.170000
13.190000
13.240000
13.250000
13.250000
13.220000
13.160000
13.220000
13.230000
13.230000
13.300000
13.240000
13.170000
13.200000
13.140000
13.060000
13.060000
13.200000
13.170000
13.230000
13.280000
13.200000
13.240000
13.240000
13.230000
13.250000
13.240000
13.270000
13.230000
13.220000
13.220000
13.160000
13.180000
13.280000
13.360000
13.280000
13.370000
13.430000
13.530000
13.590000
13.590000
13.670000
13.590000
13.670000
13.760000
13.650000
13.650000
13.670000
13.750000
13.730000
13.800000
13.830000
13.770000
13.880000
13.950000
13.920000
13.960000
13.990000
13.930000
13.990000
14.000000
14.000000
13.980000
13.940000
13.940000
13.930000
13.900000
13.780000
13.810000
13.900000
13.970000
14.030000
14.060000
13.980000
13.980000
13.880000
13.690000
13.830000
13.820000
13.780000
13.860000
13.900000
14.050000
13.990000
13.930000
13.990000
14.010000
13.870000
13.820000
13.850000
13.890000
13.810000
13.770000
13.810000
13.790000
13.720000
13.690000
13.710000
13.700000
13.800000
13.810000
13.790000
13.740000
13.740000
13.770000
13.760000
13.590000
13.470000
13.560000
13.430000
13.480000
13.480000
13.480000
13.530000
13.570000
13.540000
13.480000
13.520000
13.530000
13.520000
13.550000
13.570000
13.560000
13.540000
13.520000
13.540000
13.570000
13.630000
13.650000
13.710000
13.680000
13.650000
13.630000
13.630000
13.660000
13.680000
13.580000
13.420000
13.380000
13.330000
13.340000
13.360000
13.380000
13.360000
13.350000
13.380000
13.380000
13.310000
13.330000
13.360000
13.480000
13.380000
13.420000
13.500000
13.590000
13.660000
13.620000
13.580000
13.530000
13.490000
13.570000
13.620000
13.600000
13.630000
13.610000
13.570000
13.580000
13.560000
13.590000
13.610000
13.630000
13.650000
13.660000
13.600000
13.640000
13.690000
13.730000
13.750000
13.760000
13.770000
13.720000
13.740000
13.670000
13.650000
13.710000
13.630000
13.670000
13.640000
13.660000
13.670000
13.660000
13.720000
13.660000
13.760000
13.910000
13.920000
13.930000
13.840000
13.760000
13.770000
13.650000
13.640000
13.670000
13.740000
13.710000
13.730000
13.730000
13.720000
13.780000
13.780000
13.820000
13.840000
13.760000
13.870000
13.960000
14.000000
14.140000
14.160000
14.130000
14.160000
14.170000
14.210000
14.280000
14.290000
14.300000
14.280000
14.290000
14.270000
14.270000
14.290000
14.360000
14.470000
14.410000
14.510000
14.550000
14.550000
14.500000
14.490000
14.460000
14.420000
14.370000
14.200000
14.210000
14.140000
13.940000
13.980000
13.960000
14.010000
14.030000
14.070000
14.170000
14.050000
14.170000
14.130000
14.230000
14.270000
14.270000
14.140000
14.140000
14.190000
14.010000
13.950000
13.950000
13.890000
13.880000
14.020000
13.890000
13.990000
13.960000
14.080000
14.000000
13.980000
14.090000
14.040000
14.110000
14.080000
14.070000
14.070000
14.120000
14.190000
14.220000
14.150000
14.150000
14.220000
14.250000
14.220000
14.200000
14.210000
14.160000
14.120000
14.140000
14.140000
14.150000
14.240000
14.230000
14.250000
14.120000
14.120000
14.070000
13.870000
13.880000
13.960000
13.930000
13.920000
13.830000
13.820000
13.840000
13.790000
13.760000
13.760000
13.760000
13.730000
13.710000
13.630000
13.560000
13.680000
13.680000
13.570000
13.510000
13.480000
13.440000
13.340000
13.300000
13.310000
13.320000
13.320000
13.360000
13.330000
13.340000
13.340000
13.370000
13.390000
13.400000
13.390000
13.420000
13.380000
13.250000
13.300000
13.270000
13.270000
13.290000
13.400000
13.390000
13.490000
13.480000
13.350000
13.390000
13.320000
13.230000
13.200000
13.200000
13.240000
13.200000
13.240000
13.290000
13.300000
13.240000
13.220000
13.180000
13.220000
13.310000
13.320000
13.230000
13.300000
13.270000
13.230000
13.360000
13.310000
13.310000
13.280000
13.330000
13.250000
13.290000
13.290000
13.260000
13.270000
13.370000
13.320000
13.310000
13.290000
13.310000
13.270000
13.290000
13.320000
13.330000
13.340000
13.260000
13.180000
13.190000
13.200000
13.080000
12.990000
13.140000
13.130000
13.050000
13.110000
13.070000
13.080000
13.150000
13.120000
13.180000
13.180000
13.210000
13.260000
13.260000
13.260000
13.240000
13.270000
13.230000
13.300000
13.220000
13.310000
13.230000
13.230000
13.210000
13.290000
13.380000
13.470000
13.310000
13.350000
13.440000
13.480000
13.480000
13.550000
13.610000
13.620000
13.610000
13.510000
13.410000
13.260000
13.330000
13.330000
13.340000
13.400000
13.390000
13.350000
13.370000
13.420000
13.460000
13.500000
13.520000
13.540000
13.570000
13.660000
13.690000
13.630000
13.500000
13.530000
13.510000
13.610000
13.640000
13.570000
13.540000
13.440000
13.470000
13.530000
13.610000
13.750000
13.730000
13.710000
13.800000
13.770000
13.820000
13.860000
13.930000
13.960000
14.030000
14.100000
14.160000
14.180000
14.210000
14.100000
14.100000
13.960000
13.950000
14.040000
13.920000
13.830000
13.850000
13.910000
13.900000
13.920000
13.890000
14.050000
14.200000
14.210000
14.180000
14.320000
14.360000
14.400000
14.400000
14.400000
14.420000
14.330000
14.230000
14.100000
14.080000
14.190000
14.090000
14.070000
14.160000
14.180000
14.140000
14.110000
14.200000
14.130000
14.180000
14.300000
14.250000
14.300000
14.300000
14.350000
14.430000
14.370000
14.390000
14.360000
14.430000
14.470000
14.370000
14.420000
14.400000
14.480000
14.480000
14.460000
14.480000
14.550000
14.560000
14.520000
14.520000
14.590000
14.740000
14.810000
14.840000
14.900000
14.950000
14.950000
14.850000
14.990000
15.010000
15.040000
15.090000
15.140000
14.990000
14.930000
14.870000
14.970000
15.000000
15.030000
14.990000
15.010000
15.020000
15.010000
15.000000
15.050000
15.070000
15.070000
15.020000
15.050000
15.040000
15.070000
14.910000
14.910000
15.000000
15.060000
15.190000
15.190000
15.220000
15.290000
15.230000
15.390000
15.470000
15.520000
15.470000
15.510000
15.540000
15.510000
15.580000
15.460000
15.350000
15.380000
15.320000
15.310000
15.330000
15.390000
15.370000
15.350000
15.420000
15.460000
15.460000
15.440000
15.490000
15.470000
15.480000
15.550000
15.550000
15.550000
15.610000
15.560000
15.490000
15.110000
15.200000
15.320000
15.340000
15.350000
15.320000
15.330000
15.300000
15.280000
15.320000
15.310000
15.380000
15.330000
15.270000
15.370000
15.330000
15.310000
15.300000
15.280000
15.310000
15.180000
15.210000
15.150000
15.120000
15.140000
15.170000
15.190000
15.140000
15.150000
15.130000
15.100000
15.130000
15.220000
15.190000
15.220000
15.250000
15.250000
15.340000
15.310000
15.310000
15.130000
15.140000
15.130000
15.150000
15.220000
15.210000
15.140000
14.980000
15.060000
15.270000
15.230000
15.230000
15.170000
15.210000
15.200000
15.120000
15.090000
14.830000
14.800000
14.870000
14.810000
14.820000
14.800000
14.650000
14.500000
14.290000
14.080000
14.130000
14.400000
14.480000
14.490000
14.380000
14.350000
14.260000
14.210000
14.140000
14.140000
14.190000
14.300000
14.350000
14.330000
14.290000
14.300000
14.100000
13.850000
13.910000
13.560000
13.540000
13.590000
13.480000
13.350000
13.470000
13.630000
13.600000
13.570000
13.610000
13.450000
13.410000
13.370000
13.330000
13.440000
13.580000
13.780000
13.570000
13.520000
13.440000
13.560000
13.610000
13.430000
13.470000
13.550000
13.490000
13.490000
13.640000
13.480000
13.430000
13.520000
13.500000
13.590000
13.610000
13.690000
13.740000
13.670000
13.710000
13.750000
13.700000
13.730000
13.730000
13.710000
13.740000
13.660000
13.600000
13.570000
13.600000
13.590000
13.630000
13.690000
13.700000
13.700000
13.660000
13.650000
13.660000
13.660000
13.750000
13.750000
13.730000
13.710000
13.580000
13.580000
13.550000
13.530000
13.500000
13.530000
13.520000
13.550000
13.650000
13.550000
13.650000
13.650000
13.620000
13.570000
13.490000
13.510000
13.460000
13.300000
13.300000
13.260000
13.270000
13.380000
13.280000
13.320000
13.400000
13.450000
13.440000
13.470000
13.570000
13.620000
13.600000
13.610000
13.600000
13.600000
13.670000
13.610000
13.610000
13.680000
13.710000
13.760000
13.790000
13.790000
13.890000
13.860000
13.900000
13.850000
13.800000
13.780000
13.800000
13.740000
13.770000
13.750000
13.760000
13.800000
13.830000
13.830000
13.830000
13.860000
13.850000
13.770000
13.760000
13.780000
13.890000
13.950000
13.940000
14.000000
13.880000
13.870000
13.930000
13.980000
13.950000
13.930000
13.960000
13.980000
14.090000
14.140000
14.070000
14.040000
14.070000
14.080000
14.120000
14.020000
13.990000
13.950000
13.970000
13.960000
14.060000
14.040000
14.110000
14.120000
14.110000
14.120000
14.120000
14.100000
14.110000
14.000000
14.030000
14.130000
14.110000
14.030000
14.120000
14.190000
14.160000
14.150000
14.110000
14.170000
14.090000
14.110000
14.130000
14.110000
14.110000
14.100000
14.070000
14.130000
14.120000
14.140000
14.200000
14.210000
14.300000
14.260000
14.160000
14.210000
14.120000
14.100000
14.000000
14.000000
14.000000
13.890000
13.910000
13.920000
13.980000
14.050000
14.060000
14.140000
14.110000
14.090000
14.100000
14.170000
14.130000
14.100000
14.170000
14.100000
14.150000
14.210000
14.150000
14.110000
14.160000
14.160000
14.090000
14.120000
14.120000
14.110000
14.090000
14.050000
14.020000
14.080000
14.070000
13.910000
13.890000
13.960000
13.980000
13.920000
14.000000
13.990000
13.950000
14.000000
14.000000
14.010000
13.990000
14.000000
13.990000
14.020000
14.010000
14.020000
14.030000
14.030000
14.030000
14.010000
13.920000
13.950000
14.000000
14.000000
13.970000
14.010000
14.010000
14.010000
14.080000
14.050000
14.070000
13.980000
14.030000
14.030000
14.050000
14.030000
14.040000
14.000000
14.060000
14.060000
14.060000
13.990000
13.990000
13.910000
13.930000
13.950000
14.100000
14.150000
14.240000
14.280000
14.270000
14.120000
13.950000
13.950000
14.040000
13.930000
13.970000
13.940000
13.840000
13.840000
13.850000
13.820000
13.940000
13.950000
14.000000
13.900000
13.940000
13.910000
13.930000
13.870000
13.880000
13.900000
13.900000
13.800000
13.860000
13.810000
13.820000
13.740000
13.690000
13.710000
13.690000
13.660000
13.570000
13.400000
13.360000
13.370000
13.310000
13.290000
13.230000
13.300000
13.400000
13.270000
13.270000
13.330000
13.400000
13.340000
13.330000
13.400000
13.400000
13.350000
13.430000
13.380000
13.430000
13.440000
13.430000
13.410000
13.380000
13.440000
13.430000
13.510000
13.500000
13.490000
13.520000
13.510000
13.560000
13.490000
13.440000
13.390000
13.340000
13.370000
13.380000
13.330000
13.240000
13.250000
13.280000
13.300000
13.270000
13.300000
13.310000
13.310000
13.320000
13.280000
13.250000
13.250000
13.230000
13.200000
13.140000
13.110000
13.100000
13.050000
13.040000
13.040000
13.050000
13.020000
12.990000
13.020000
13.040000
13.060000
13.070000
13.100000
13.130000
13.080000
13.100000
13.110000
13.080000
13.090000
13.030000
12.990000
13.020000
13.000000
13.030000
13.020000
13.000000
13.010000
13.060000
13.050000
13.140000
13.160000
13.230000
13.210000
13.210000
13.200000
13.180000
13.180000
13.160000
13.130000
13.100000
13.100000
13.110000
13.100000
13.070000
13.100000
13.110000
13.090000
13.070000
13.110000
13.090000
13.120000
13.110000
13.110000
13.160000
13.050000
12.980000
12.970000
12.970000
12.990000
12.980000
12.970000
12.930000
12.930000
12.930000
12.950000
12.980000
13.000000
12.910000
12.960000
12.950000
12.930000
12.900000
12.910000
12.900000
12.850000
12.870000
12.850000
12.870000
12.820000
12.830000
12.830000
12.870000
12.820000
12.790000
12.770000
12.790000
12.810000
12.840000
12.840000
12.850000
12.840000
12.850000
12.860000
12.850000
12.830000
12.830000
12.850000
12.830000
12.850000
12.850000
12.830000
12.830000
12.800000
12.750000
12.700000
12.580000
12.490000
12.450000
12.390000
12.400000
12.420000
12.410000
12.400000
12.410000
12.400000
12.400000
12.430000
12.450000
12.410000
12.310000
12.310000
12.180000
12.230000
12.240000
12.210000
12.300000
12.260000
12.260000
12.230000
12.240000
12.300000
12.320000
12.380000
12.420000
12.410000
12.430000
12.380000
12.340000
12.350000
12.360000
12.340000
12.470000
12.380000
12.430000
12.450000
12.400000
12.460000
12.510000
12.370000
12.390000
12.410000
12.400000
12.400000
12.380000
12.410000
12.400000
12.380000
12.400000
12.510000
12.400000
12.540000
12.620000
12.640000
12.690000
12.790000
12.820000
12.740000
12.650000
12.560000
12.440000
12.390000
12.440000
12.280000
12.220000
12.240000
12.270000
12.290000
12.320000
12.420000
12.600000
12.690000
12.650000
12.720000
12.750000
12.760000
12.790000
12.820000
12.770000
12.740000
12.770000
12.710000
12.780000
12.750000
12.770000
12.800000
12.800000
12.830000
12.820000
12.800000
12.810000
12.820000
12.850000
12.860000
12.900000
13.000000
13.010000
13.070000
13.070000
13.080000
13.050000
13.030000
13.030000
13.030000
13.040000
13.140000
13.100000
13.140000
13.140000
13.170000
13.220000
13.300000
13.240000
13.190000
13.250000
13.280000
13.300000
13.290000
13.280000
13.190000
13.170000
13.150000
13.180000
13.200000
13.260000
13.300000
13.320000
13.320000
13.370000
13.380000
13.370000
13.370000
13.430000
13.390000
13.400000
13.400000
13.430000
13.490000
13.480000
13.510000
13.480000
13.490000
13.360000
13.350000
13.370000
13.350000
13.380000
13.400000
13.390000
13.410000
13.480000
13.530000
13.720000
13.720000
13.690000
13.670000
13.660000
13.660000
13.650000
13.660000
13.630000
13.590000
13.640000
13.580000
13.550000
13.530000
13.510000
13.560000
13.560000
13.610000
13.640000
13.630000
13.650000
13.600000
13.640000
13.650000
13.650000
13.660000
13.730000
13.770000
13.750000
13.740000
13.730000
13.700000
13.710000
13.730000
13.750000
13.720000
13.710000
13.670000
13.660000
13.710000
13.760000
13.740000
13.750000
13.780000
13.830000
13.870000
13.870000
13.860000
13.870000
13.920000
13.940000
13.950000
13.960000
13.980000
13.980000
13.990000
13.980000
13.990000
14.040000
14.080000
14.100000
14.140000
14.130000
14.240000
14.270000
14.350000
14.290000
14.400000
14.470000
14.350000
14.300000
14.360000
14.420000
14.380000
14.420000
14.340000
14.450000
14.380000
14.300000
14.380000
14.320000
14.290000
14.290000
14.280000
14.250000
14.260000
14.330000
14.330000
14.300000
14.260000
14.170000
14.130000
14.080000
14.050000
13.760000
13.790000
13.750000
13.810000
13.870000
13.930000
13.970000
13.980000
13.960000
14.060000
14.050000
14.050000
14.090000
14.120000
14.150000
14.170000
14.160000
14.220000
14.210000
14.210000
14.150000
14.140000
14.060000
14.120000
14.070000
14.020000
13.950000
13.920000
13.980000
13.970000
13.940000
13.820000
13.820000
13.910000
14.050000
14.080000
14.020000
14.010000
14.070000
14.000000
13.970000
13.980000
13.950000
13.950000
13.900000
13.930000
13.900000
13.890000
13.950000
13.910000
13.910000
13.910000
13.930000
14.000000
14.010000
14.010000
14.090000
14.080000
14.080000
14.170000
14.190000
14.120000
14.130000
14.060000
14.030000
14.010000
14.050000
14.040000
14.040000
14.040000
14.070000
14.100000
14.120000
14.150000
14.130000
14.200000
14.170000
14.210000
14.200000
14.290000
14.330000
14.350000
14.400000
14.350000
14.340000
14.370000
14.360000
14.450000
14.500000
14.480000
14.530000
14.600000
14.580000
14.630000
14.650000
14.670000
14.680000
14.670000
14.690000
14.720000
14.690000
14.700000
14.710000
14.740000
14.710000
14.640000
14.610000
14.620000
14.650000
14.620000
14.640000
14.680000
14.690000
14.630000
14.620000
14.470000
14.540000
14.700000
14.750000
14.730000
14.720000
14.430000
14.280000
13.700000
12.990000
13.260000
12.980000
13.020000
11.110000
11.690000
11.910000
11.130000
11.840000
12.520000
13.250000
13.280000
13.360000
13.250000
12.760000
12.670000
12.480000
12.700000
12.880000
13.000000
13.230000
13.130000
13.170000
13.200000
13.160000
13.240000
13.190000
12.910000
12.900000
12.800000
12.710000
12.560000
12.520000
12.700000
12.690000
12.760000
12.870000
12.960000
13.010000
13.090000
13.080000
13.050000
13.050000
12.930000
12.920000
12.980000
12.970000
12.900000
12.960000
12.980000
13.100000
13.090000
13.160000
13.190000
13.310000
13.470000
13.540000
13.590000
13.660000
13.670000
13.640000
13.480000
13.520000
13.390000
13.360000
13.500000
13.610000
13.510000
13.490000
13.460000
13.520000
13.400000
13.400000
13.440000
13.460000
13.700000
13.560000
13.590000
13.660000
13.710000
13.740000
13.810000
13.800000
13.830000
13.860000
13.940000
13.950000
13.930000
13.890000
13.890000
