2.375000
2.313000
2.250000
2.250000
2.188000
2.250000
2.375000
2.375000
2.313000
2.188000
2.063000
2.125000
2.625000
2.500000
2.438000
2.563000
2.438000
2.438000
2.500000
2.500000
2.438000
2.313000
2.313000
2.125000
2.188000
2.125000
2.250000
2.313000
2.313000
2.500000
2.438000
2.625000
2.813000
3.190000
3.250000
2.875000
2.563000
2.750000
2.688000
2.625000
2.625000
2.625000
2.875000
2.688000
2.688000
2.750000
2.875000
3.188000
3.188000
3.125000
3.438000
3.375000
3.375000
3.500000
3.625000
3.688000
3.563000
3.250000
3.000000
3.000000
2.938000
2.938000
2.875000
2.938000
2.938000
3.000000
3.000000
2.875000
2.875000
3.063000
3.063000
3.250000
3.000000
3.188000
3.188000
3.313000
3.313000
3.500000
3.563000
3.563000
3.438000
3.438000
3.688000
3.688000
3.500000
3.688000
3.688000
3.500000
3.438000
3.375000
3.813000
4.375000
4.125000
4.063000
3.938000
4.000000
4.000000
3.875000
4.188000
3.875000
3.940000
4.000000
3.875000
3.875000
3.875000
3.813000
3.875000
3.750000
3.750000
3.813000
3.938000
3.813000
3.750000
3.750000
3.563000
3.250000
3.625000
3.625000
3.500000
3.438000
3.250000
3.250000
3.250000
3.375000
3.438000
3.750000
3.563000
3.438000
3.375000
3.438000
3.438000
3.375000
3.375000
3.313000
3.313000
3.313000
3.313000
3.188000
3.188000
3.188000
3.000000
3.063000
2.875000
2.750000
2.438000
2.438000
2.563000
2.125000
2.188000
2.250000
2.250000
2.313000
2.188000
2.250000
2.125000
2.125000
2.313000
2.188000
2.188000
2.063000
2.000000
2.000000
2.000000
2.000000
2.000000
1.938000
1.625000
1.563000
1.813000
1.688000
1.875000
1.938000
1.938000
1.938000
2.000000
1.813000
1.875000
1.750000
1.813000
1.750000
1.625000
1.563000
1.625000
1.625000
1.500000
1.438000
1.438000
1.250000
1.313000
1.125000
0.937500
1.313000
1.500000
1.500000
1.750000
1.750000
1.688000
1.813000
1.688000
1.563000
1.500000
1.500000
1.438000
1.438000
1.438000
1.438000
1.500000
1.438000
1.438000
1.438000
1.438000
1.438000
1.375000
1.313000
1.188000
1.125000
1.188000
1.125000
1.063000
1.438000
1.438000
1.313000
0.937500
1.125000
1.188000
1.125000
1.063000
1.063000
1.063000
1.000000
1.063000
0.937500
0.937500
1.000000
1.063000
1.000000
1.000000
1.000000
0.875000
0.937500
1.000000
1.000000
1.000000
0.937500
0.937500
0.937500
1.063000
0.937500
0.937500
1.000000
1.000000
1.000000
1.000000
1.000000
1.000000
0.937500
0.875000
1.000000
0.937500
0.875000
0.875000
0.875000
0.875000
0.812500
0.812500
0.750000
0.750000
0.812500
0.750000
0.750000
0.687500
0.750000
0.750000
0.687500
0.812500
0.812500
0.750000
0.750000
0.687500
0.687500
0.625000
0.750000
0.687500
0.687500
0.750000
0.625000
0.625000
0.468800
0.562500
0.500000
0.687500
0.630000
0.562500
0.562500
0.562500
0.687500
0.750000
0.750000
0.750000
0.812500
0.750000
0.875000
0.812500
0.812500
0.875000
0.875000
0.875000
0.937500
0.937500
0.937500
1.000000
1.125000
1.375000
1.600000
1.500000
1.450000
1.350000
1.030000
1.140000
1.220000
1.290000
1.230000
1.180000
1.140000
1.150000
1.050000
1.090000
1.030000
1.000000
0.800000
0.940000
0.990000
0.960000
0.960000
1.040000
1.100000
1.100000
1.180000
1.200000
1.100000
1.050000
1.060000
1.090000
1.090000
1.020000
1.070000
1.000000
0.950000
0.970000
0.930000
0.960000
1.000000
1.040000
1.040000
1.000000
0.950000
0.920000
0.940000
0.950000
0.860000
0.880000
0.800000
0.800000
0.830000
0.820000
0.830000
0.800000
0.770000
0.740000
0.750000
0.780000
0.800000
0.790000
0.740000
0.730000
0.780000
0.740000
0.790000
0.740000
0.720000
0.740000
0.730000
0.780000
0.750000
0.770000
0.730000
0.620000
0.650000
0.700000
0.750000
0.760000
0.950000
1.020000
1.020000
1.000000
0.970000
0.980000
0.930000
0.880000
0.950000
0.920000
0.970000
1.000000
0.990000
0.970000
0.990000
0.970000
0.960000
0.980000
0.980000
0.960000
0.940000
0.910000
0.960000
0.950000
0.910000
0.850000
0.850000
0.920000
0.940000
0.900000
0.880000
0.870000
0.880000
0.880000
0.880000
0.850000
0.830000
0.840000
0.890000
0.950000
0.990000
0.970000
0.900000
0.920000
0.900000
0.900000
0.870000
0.850000
0.900000
0.910000
0.920000
0.980000
0.990000
1.000000
1.030000
1.080000
1.160000
1.210000
1.190000
1.160000
1.050000
0.990000
0.970000
1.000000
0.970000
1.010000
0.990000
0.990000
0.990000
1.000000
0.970000
0.970000
0.970000
0.970000
0.960000
0.950000
0.950000
0.900000
0.850000
0.830000
0.820000
0.800000
0.700000
0.840000
0.790000
0.750000
0.740000
0.770000
3.150000
3.600000
3.600000
3.350000
3.330000
3.100000
2.960000
2.750000
2.670000
2.810000
2.820000
2.770000
2.800000
2.710000
2.710000
2.710000
2.510000
2.510000
2.550000
2.600000
2.550000
2.510000
2.450000
2.240000
2.200000
2.240000
2.230000
2.160000
2.160000
2.110000
2.150000
2.250000
2.400000
3.060000
2.900000
2.900000
2.900000
2.830000
2.810000
2.990000
3.170000
3.210000
3.200000
3.100000
3.000000
2.900000
3.050000
3.100000
3.050000
2.950000
2.950000
2.880000
2.850000
2.860000
3.130000
3.080000
3.200000
3.090000
3.200000
3.100000
3.100000
3.100000
3.100000
3.170000
3.220000
3.480000
3.600000
3.550000
3.480000
3.500000
3.500000
3.500000
3.600000
3.750000
4.100000
3.940000
3.750000
3.520000
3.400000
3.350000
3.300000
3.340000
3.200000
3.200000
3.150000
3.150000
3.040000
3.010000
2.950000
3.000000
3.030000
3.000000
2.870000
2.830000
2.780000
2.750000
2.720000
2.660000
2.560000
2.600000
2.790000
2.900000
2.800000
2.530000
2.590000
2.560000
2.500000
2.460000
2.360000
2.450000
2.450000
2.350000
2.360000
2.350000
2.520000
2.560000
2.670000
2.980000
3.290000
3.250000
3.250000
3.220000
3.210000
3.240000
3.300000
3.400000
3.400000
3.430000
3.420000
3.350000
3.360000
3.350000
3.180000
3.150000
3.150000
3.150000
3.300000
3.220000
3.200000
3.210000
3.200000
3.180000
3.200000
3.100000
3.110000
3.190000
3.250000
3.300000
3.350000
3.350000
3.350000
3.350000
3.300000
3.260000
3.250000
3.250000
3.250000
3.300000
3.700000
3.520000
3.600000
3.600000
3.500000
3.550000
3.380000
3.540000
3.600000
3.700000
3.650000
3.600000
3.650000
3.600000
3.600000
3.550000
3.500000
3.550000
3.450000
3.380000
3.380000
3.750000
3.700000
3.900000
3.900000
3.850000
3.800000
3.600000
3.650000
3.730000
3.700000
3.550000
3.540000
3.800000
3.660000
3.600000
3.550000
3.500000
3.520000
3.450000
3.300000
3.250000
3.250000
3.210000
3.020000
2.980000
3.100000
3.050000
3.030000
3.100000
3.250000
3.400000
3.200000
3.100000
3.100000
3.080000
2.950000
2.800000
2.540000
2.400000
2.390000
2.550000
2.680000
2.800000
3.040000
2.970000
3.050000
3.140000
3.150000
3.200000
4.000000
3.750000
3.690000
4.180000
3.880000
3.890000
3.940000
3.830000
3.840000
3.650000
3.650000
3.500000
3.440000
3.400000
3.350000
3.350000
3.280000
3.250000
3.150000
3.000000
2.920000
2.850000
2.880000
2.890000
2.750000
2.640000
2.650000
2.600000
2.690000
2.700000
2.700000
2.660000
3.000000
2.890000
2.940000
2.880000
2.880000
2.830000
2.780000
2.840000
3.100000
3.080000
3.350000
3.200000
3.170000
3.300000
3.500000
3.520000
3.550000
3.450000
3.430000
3.380000
3.380000
3.380000
3.400000
3.430000
3.480000
3.480000
3.380000
3.400000
3.460000
3.430000
3.370000
3.390000
3.440000
3.400000
3.410000
3.290000
3.300000
3.300000
3.280000
3.300000
3.180000
3.220000
3.250000
3.250000
3.250000
3.150000
3.050000
3.020000
3.000000
2.980000
2.950000
2.930000
2.970000
3.060000
3.200000
3.410000
3.500000
3.490000
3.500000
3.410000
3.400000
3.410000
3.410000
3.260000
3.300000
3.350000
3.460000
3.450000
3.400000
3.380000
3.480000
3.460000
3.330000
3.350000
3.350000
3.430000
3.500000
3.520000
3.470000
3.450000
3.450000
3.430000
3.360000
3.370000
3.320000
3.250000
3.220000
3.140000
3.160000
3.150000
3.160000
3.160000
3.170000
3.280000
3.340000
3.390000
3.480000
3.460000
3.420000
3.270000
3.190000
3.200000
3.210000
3.200000
3.200000
3.200000
3.260000
3.300000
3.250000
3.230000
3.150000
3.150000
3.170000
3.200000
3.200000
3.200000
3.200000
3.200000
3.200000
3.220000
3.210000
3.210000
3.210000
3.220000
3.200000
3.200000
3.200000
3.190000
3.160000
3.150000
3.100000
3.070000
3.090000
3.080000
3.090000
3.060000
3.090000
3.130000
3.110000
3.100000
3.090000
3.080000
3.080000
3.080000
3.070000
3.080000
3.060000
3.060000
3.060000
3.080000
3.070000
3.090000
3.060000
3.060000
3.030000
3.110000
3.000000
3.000000
2.990000
3.020000
3.070000
3.070000
3.100000
3.220000
3.300000
3.310000
3.270000
3.370000
3.750000
3.690000
3.700000
3.850000
3.750000
3.690000
3.600000
3.450000
3.470000
3.490000
3.400000
3.410000
3.450000
3.410000
3.390000
3.090000
3.070000
3.240000
3.250000
3.250000
3.170000
3.140000
3.070000
3.150000
3.250000
3.250000
3.150000
3.250000
3.290000
3.480000
3.670000
3.650000
3.580000
3.700000
3.560000
3.450000
3.310000
3.300000
3.250000
3.250000
3.260000
3.280000
3.370000
3.450000
3.430000
3.530000
3.530000
3.490000
3.320000
3.440000
3.530000
3.530000
3.600000
3.600000
3.750000
3.750000
3.800000
4.000000
3.920000
3.980000
3.890000
3.910000
4.110000
4.610000
4.600000
4.250000
4.210000
4.270000
4.380000
4.340000
4.330000
4.350000
4.300000
4.250000
4.010000
4.050000
4.150000
4.100000
4.160000
4.160000
4.220000
4.230000
4.220000
4.200000
4.210000
4.240000
4.280000
4.320000
4.450000
4.700000
4.710000
5.200000
5.620000
5.650000
6.560000
6.120000
6.010000
6.220000
6.220000
6.000000
5.870000
5.790000
5.860000
6.150000
5.980000
5.920000
5.820000
6.050000
6.020000
5.800000
5.710000
5.670000
6.150000
6.160000
6.210000
6.240000
6.220000
6.200000
6.250000
6.300000
6.680000
6.930000
6.680000
6.600000
6.480000
6.440000
6.530000
6.580000
6.490000
6.450000
6.450000
6.340000
6.280000
6.010000
5.800000
5.820000
6.010000
6.430000
7.580000
7.510000
7.440000
7.350000
7.500000
7.670000
7.600000
7.620000
7.750000
8.400000
8.770000
9.610000
10.250000
10.060000
10.400000
10.620000
10.480000
10.270000
10.140000
9.170000
9.070000
9.000000
9.020000
9.300000
9.230000
9.120000
9.180000
9.700000
9.780000
9.940000
9.670000
9.450000
9.320000
9.260000
9.490000
9.450000
9.010000
8.970000
8.870000
8.850000
9.000000
9.000000
8.980000
8.940000
8.880000
8.520000
8.020000
7.980000
7.880000
7.800000
7.910000
7.660000
7.590000
7.500000
7.700000
7.690000
7.860000
7.710000
7.800000
8.010000
8.310000
8.500000
8.890000
8.940000
8.950000
8.820000
8.750000
8.520000
8.490000
8.450000
8.320000
8.270000
8.410000
8.410000
8.490000
8.640000
8.650000
8.800000
8.990000
9.090000
9.050000
9.030000
9.110000
9.100000
9.120000
9.250000
9.300000
9.270000
9.250000
9.630000
9.530000
9.350000
9.300000
9.430000
9.120000
8.540000
8.600000
8.530000
8.480000
8.450000
8.380000
8.530000
8.630000
8.750000
9.110000
8.980000
9.050000
9.020000
9.050000
9.950000
10.200000
10.300000
10.510000
10.000000
9.950000
9.750000
9.640000
9.370000
9.670000
9.400000
9.350000
9.400000
9.800000
9.700000
9.850000
9.860000
9.800000
9.780000
9.870000
9.990000
10.000000
9.970000
10.000000
10.010000
9.940000
9.940000
9.900000
9.890000
10.036000
9.730000
9.800000
9.730000
9.800000
9.800000
9.700000
9.700000
10.210000
9.910000
9.620000
9.420000
9.480000
9.400000
9.350000
9.360000
9.750000
9.600000
9.530000
9.250000
8.870000
8.890000
8.760000
8.900000
9.000000
8.900000
8.800000
8.740000
8.750000
8.900000
8.890000
8.760000
8.750000
8.600000
8.600000
8.600000
8.710000
8.910000
8.910000
8.850000
8.850000
8.900000
8.940000
8.900000
8.700000
8.650000
8.600000
8.650000
8.600000
8.700000
8.800000
9.050000
8.900000
8.980000
9.100000
9.200000
9.190000
9.260000
9.260000
9.250000
9.250000
9.250000
9.260000
9.300000
9.210000
9.210000
8.960000
9.060000
9.110000
9.300000
9.280000
9.500000
9.700000
9.600000
9.200000
9.200000
9.050000
8.900000
9.100000
9.200000
9.530000
9.610000
9.490000
9.800000
10.150000
10.100000
10.500000
10.400000
10.470000
11.240000
11.300000
11.250000
11.100000
11.010000
11.250000
11.150000
11.010000
10.960000
10.800000
10.740000
10.650000
10.700000
10.930000
10.990000
11.100000
11.250000
11.200000
11.100000
11.190000
11.400000
11.470000
11.350000
11.320000
11.360000
11.300000
11.300000
11.240000
11.350000
11.450000
11.600000
12.000000
12.470000
12.250000
12.440000
12.550000
12.700000
12.200000
12.290000
12.000000
12.010000
11.790000
11.500000
12.300000
12.240000
12.510000
12.600000
13.000000
13.200000
13.430000
13.250000
13.330000
13.190000
13.150000
13.180000
13.140000
13.300000
13.510000
13.600000
13.770000
13.490000
13.350000
13.250000
13.400000
13.350000
13.250000
13.650000
13.540000
13.500000
13.320000
13.130000
12.940000
12.550000
12.720000
12.410000
12.800000
12.970000
12.760000
12.890000
13.060000
13.130000
12.900000
12.640000
12.850000
12.900000
12.750000
12.950000
12.940000
12.490000
12.810000
12.950000
12.790000
12.350000
12.060000
12.150000
12.100000
12.150000
12.200000
12.180000
12.050000
12.150000
12.170000
12.270000
12.280000
12.180000
11.950000
11.990000
12.090000
12.500000
12.360000
12.000000
12.200000
12.240000
12.080000
12.060000
12.100000
10.980000
10.800000
10.880000
10.970000
10.950000
10.990000
11.000000
11.100000
11.060000
11.060000
11.500000
11.750000
11.910000
11.950000
11.750000
12.050000
12.050000
12.090000
12.410000
12.320000
12.310000
12.450000
12.450000
12.510000
12.590000
12.580000
12.650000
12.510000
12.520000
12.600000
12.860000
12.790000
12.670000
12.880000
12.900000
12.880000
12.700000
12.930000
13.000000
13.000000
13.200000
13.230000
13.380000
13.550000
13.640000
13.630000
13.570000
14.100000
14.110000
14.100000
14.100000
14.100000
14.250000
14.500000
15.000000
15.100000
14.580000
14.420000
14.490000
14.200000
14.150000
13.900000
13.920000
16.250000
16.730000
16.470000
16.550000
16.790000
16.820000
16.840000
16.950000
16.770000
16.850000
16.990000
17.000000
16.920000
17.040000
17.020000
17.150000
17.380000
18.850000
20.760000
20.900000
20.750000
20.570000
20.700000
20.540000
20.490000
20.750000
21.440000
21.350000
22.030000
22.240000
22.190000
22.100000
21.850000
20.690000
20.200000
20.150000
19.640000
19.700000
19.600000
19.460000
18.960000
19.000000
18.650000
17.510000
17.080000
16.950000
17.680000
17.940000
17.610000
17.920000
17.950000
17.830000
17.760000
17.900000
18.200000
17.860000
18.150000
18.520000
18.630000
19.120000
19.390000
20.050000
19.200000
20.010000
19.850000
19.710000
19.700000
19.950000
19.860000
19.810000
19.570000
19.650000
19.540000
19.420000
19.470000
19.600000
20.650000
20.700000
20.440000
19.870000
19.790000
19.330000
19.380000
19.660000
19.700000
20.360000
20.420000
19.700000
19.560000
19.800000
19.290000
18.550000
18.800000
18.790000
19.130000
19.320000
19.250000
19.250000
19.830000
20.290000
19.900000
20.000000
20.300000
20.000000
20.200000
20.200000
20.210000
21.050000
22.010000
21.830000
21.600000
21.930000
21.980000
21.250000
21.000000
21.560000
23.270000
23.800000
22.760000
23.050000
23.300000
23.030000
23.190000
23.050000
23.080000
24.500000
23.880000
23.520000
24.100000
24.010000
24.050000
23.580000
24.400000
24.850000
24.460000
24.960000
24.970000
25.510000
25.500000
25.080000
24.930000
25.210000
24.840000
23.640000
23.980000
23.500000
22.490000
22.540000
23.220000
24.030000
23.980000
24.340000
24.490000
24.450000
24.420000
24.380000
24.770000
25.500000
25.240000
25.460000
25.690000
25.500000
26.700000
26.740000
28.650000
28.000000
26.330000
27.490000
26.060000
26.160000
27.060000
27.420000
26.940000
27.580000
26.190000
26.200000
26.780000
26.350000
26.980000
27.350000
27.220000
27.400000
27.450000
28.230000
27.950000
28.250000
30.000000
29.870000
25.000000
23.630000
22.860000
22.730000
23.010000
22.170000
21.460000
21.600000
20.530000
20.330000
19.950000
19.470000
20.060000
19.500000
19.640000
20.050000
19.950000
19.950000
20.050000
19.800000
19.820000
19.810000
19.400000
18.750000
18.450000
19.010000
18.680000
18.410000
18.150000
18.460000
18.790000
18.560000
19.500000
19.010000
20.570000
20.700000
20.700000
21.200000
21.200000
20.750000
20.660000
20.840000
20.670000
20.100000
19.010000
19.250000
18.330000
18.950000
19.500000
18.600000
18.260000
18.790000
19.130000
19.090000
18.100000
17.900000
18.450000
18.120000
18.040000
18.210000
18.440000
18.110000
18.120000
18.440000
19.020000
18.600000
18.590000
18.550000
19.140000
19.920000
19.120000
18.930000
18.730000
18.450000
18.260000
18.000000
17.800000
18.050000
17.920000
17.940000
18.430000
18.540000
18.060000
17.390000
16.780000
16.660000
17.480000
18.040000
18.020000
17.660000
18.400000
18.540000
18.770000
18.680000
18.090000
18.090000
18.240000
18.060000
18.090000
18.270000
18.030000
18.000000
18.550000
18.700000
18.780000
18.650000
18.670000
18.530000
19.040000
19.640000
20.000000
20.280000
20.500000
20.490000
20.020000
20.130000
20.070000
20.050000
20.230000
20.000000
20.250000
20.000000
20.000000
20.020000
20.140000
20.300000
20.410000
21.070000
23.760000
23.740000
22.500000
22.500000
22.380000
22.260000
22.040000
22.350000
22.400000
22.280000
22.390000
22.080000
22.200000
22.260000
22.330000
22.970000
23.460000
23.500000
23.600000
24.030000
24.100000
24.670000
24.230000
24.270000
24.260000
24.060000
24.010000
24.260000
24.050000
23.960000
24.080000
24.360000
24.400000
24.280000
24.000000
23.800000
24.180000
23.990000
23.520000
22.930000
22.450000
22.460000
22.460000
22.620000
23.010000
22.510000
22.490000
22.090000
22.250000
22.590000
22.200000
22.450000
22.400000
22.240000
22.150000
22.250000
22.190000
22.000000
22.080000
21.910000
21.970000
21.840000
21.910000
22.170000
21.850000
21.630000
21.840000
22.450000
23.660000
23.420000
23.280000
23.080000
22.310000
22.650000
22.970000
22.400000
21.730000
22.220000
22.110000
21.800000
22.190000
22.300000
21.780000
22.080000
21.190000
20.890000
21.030000
21.710000
22.000000
22.100000
22.080000
21.870000
21.750000
21.600000
21.680000
21.810000
21.990000
22.620000
23.650000
23.130000
23.060000
23.050000
23.200000
24.140000
24.250000
25.130000
24.340000
23.850000
24.030000
24.250000
24.490000
24.550000
24.650000
24.440000
23.810000
23.300000
22.870000
23.870000
23.950000
23.930000
23.850000
24.300000
24.470000
24.350000
24.230000
24.110000
24.010000
24.050000
24.000000
24.310000
24.420000
24.330000
24.260000
24.170000
24.210000
24.210000
24.250000
24.460000
24.680000
24.940000
24.980000
24.740000
24.490000
24.790000
24.840000
24.570000
24.690000
24.650000
24.890000
25.050000
25.700000
25.600000
25.330000
25.010000
25.190000
24.960000
25.480000
25.250000
25.100000
26.360000
26.300000
26.150000
26.210000
26.250000
25.770000
26.120000
26.380000
26.230000
25.900000
25.640000
25.750000
25.890000
25.430000
25.520000
25.490000
25.320000
24.550000
24.500000
24.580000
24.320000
24.870000
25.030000
24.300000
24.730000
25.500000
19.100000
20.000000
20.110000
20.450000
20.000000
19.610000
19.520000
19.420000
19.190000
19.240000
19.370000
18.880000
19.240000
19.070000
17.580000
18.580000
18.140000
18.310000
17.730000
17.670000
17.940000
17.330000
16.200000
16.690000
15.390000
17.450000
17.200000
17.000000
18.020000
17.990000
17.510000
17.440000
17.300000
17.580000
17.190000
17.580000
17.120000
17.280000
17.250000
17.220000
17.450000
17.950000
17.930000
18.000000
18.000000
17.610000
17.900000
17.420000
17.100000
16.990000
16.790000
15.590000
15.430000
15.980000
15.650000
15.400000
15.600000
15.000000
14.560000
14.510000
14.270000
14.410000
13.710000
13.450000
12.810000
12.610000
12.480000
12.520000
12.530000
12.390000
12.820000
12.510000
12.310000
12.430000
12.230000
12.800000
12.280000
12.380000
13.740000
13.220000
13.030000
13.250000
12.860000
13.020000
13.380000
13.650000
13.710000
13.840000
13.940000
13.810000
13.770000
13.550000
14.200000
13.940000
14.090000
14.350000
14.720000
14.710000
13.920000
13.880000
13.690000
13.870000
13.550000
13.680000
13.000000
12.750000
12.280000
11.910000
11.960000
12.000000
11.710000
12.120000
11.640000
11.450000
11.630000
12.100000
12.220000
12.590000
13.280000
13.000000
12.770000
13.300000
12.790000
13.250000
12.440000
12.920000
12.960000
12.640000
12.800000
12.040000
12.490000
12.010000
11.760000
12.230000
12.010000
11.680000
11.670000
11.550000
11.610000
12.380000
12.060000
11.560000
11.640000
11.750000
11.750000
11.300000
11.290000
11.060000
10.960000
10.510000
10.670000
9.820000
9.370000
9.330000
9.110000
9.080000
8.980000
9.630000
9.970000
10.060000
9.710000
9.630000
10.290000
10.530000
10.640000
10.530000
10.770000
10.870000
10.350000
10.710000
10.130000
10.800000
10.380000
10.930000
10.910000
11.110000
10.500000
10.660000
10.900000
11.290000
11.430000
11.840000
11.500000
11.280000
11.040000
10.490000
10.930000
10.990000
10.860000
10.930000
10.770000
11.000000
10.600000
11.070000
10.970000
10.820000
10.600000
10.660000
10.390000
10.850000
10.600000
10.620000
10.760000
10.850000
11.190000
10.810000
10.930000
10.890000
11.070000
10.760000
10.510000
10.440000
10.200000
10.090000
10.000000
10.570000
10.220000
10.060000
10.080000
10.010000
9.990000
10.030000
10.120000
10.240000
9.980000
9.960000
9.880000
9.940000
9.880000
9.960000
9.960000
9.950000
10.100000
9.930000
9.840000
9.220000
9.340000
9.170000
9.000000
9.010000
9.000000
8.490000
8.090000
8.470000
8.270000
8.360000
8.510000
8.600000
8.570000
8.420000
8.590000
8.630000
8.320000
8.250000
8.580000
8.440000
8.400000
8.500000
8.460000
8.730000
8.470000
8.500000
8.510000
8.450000
8.350000
8.500000
8.440000
8.490000
8.370000
8.570000
8.630000
8.750000
8.770000
8.650000
8.500000
8.350000
8.350000
8.500000
8.140000
8.120000
8.100000
8.090000
8.500000
8.100000
8.100000
8.010000
7.640000
7.510000
7.800000
7.410000
6.900000
6.780000
6.680000
6.730000
6.230000
6.010000
5.800000
5.010000
5.680000
5.820000
5.430000
5.260000
5.290000
5.410000
5.280000
5.160000
5.180000
5.160000
5.450000
5.370000
5.570000
5.870000
6.100000
5.680000
5.760000
5.490000
5.390000
5.490000
5.970000
5.870000
5.900000
5.940000
6.110000
6.400000
6.750000
6.500000
6.380000
6.810000
7.040000
6.700000
6.540000
6.500000
5.230000
5.400000
5.450000
5.540000
5.600000
5.890000
5.600000
5.700000
5.750000
5.750000
5.650000
5.790000
5.850000
5.690000
5.500000
5.420000
5.520000
5.500000
5.360000
5.350000
5.250000
5.300000
5.150000
5.330000
5.280000
5.510000
5.370000
5.470000
5.640000
5.510000
5.550000
5.550000
5.570000
5.560000
5.500000
5.550000
5.600000
5.490000
5.460000
5.650000
5.520000
5.450000
5.430000
5.270000
5.250000
5.390000
5.620000
6.500000
6.270000
6.480000
5.580000
5.840000
5.380000
5.550000
5.380000
5.390000
5.380000
5.520000
5.820000
6.410000
6.100000
5.760000
5.470000
5.490000
5.450000
5.350000
5.570000
5.540000
5.500000
5.820000
6.240000
6.200000
6.100000
6.200000
6.130000
6.200000
6.200000
6.179900
6.300000
6.330000
6.390000
6.380000
6.400000
6.410000
6.500000
6.800000
7.250000
7.280000
7.280000
7.300000
7.500000
7.800000
8.070000
8.000000
7.880000
7.650000
7.930100
7.900000
7.880000
7.900000
8.000000
7.970000
7.900000
8.000000
8.080000
7.930000
7.960000
7.760000
7.720000
8.000000
7.920000
7.820000
7.750000
7.730000
7.750000
7.790000
7.800000
7.960000
7.750000
7.790000
7.850000
7.710000
8.080000
7.670000
8.200000
8.050000
8.170000
8.100000
8.160000
8.170000
8.160000
8.200000
8.710000
8.490000
8.190000
8.140000
8.650000
8.010000
8.410000
8.010000
8.010000
8.080000
8.440000
8.800000
8.050000
8.800000
8.780000
8.100000
8.320000
8.090000
8.280000
8.200000
8.460000
8.410000
8.470000
8.600000
8.650000
8.680000
8.820000
9.250000
8.990000
9.420000
9.400000
9.680000
9.540000
9.430000
9.230000
8.830000
8.600000
8.610000
8.650000
9.040000
9.080000
9.100000
9.020000
9.420000
9.600000
9.520000
9.480000
9.330000
9.330000
9.730000
9.710000
9.570000
9.770000
10.100000
10.050000
10.440000
10.120000
9.850000
9.610000
9.620000
9.800000
9.510000
9.770000
10.140000
10.270000
10.830000
11.050000
11.080000
11.240000
11.470000
11.440000
11.540000
11.200000
10.890000
11.190000
11.140000
11.140000
11.000000
10.830000
10.590000
10.900000
11.110000
11.140000
10.950000
10.740000
11.070000
10.830000
10.870000
10.760000
10.740000
10.800000
10.420000
10.190000
10.330000
10.000000
9.990000
10.000000
9.950000
10.170000
10.050000
9.680000
9.800000
9.770000
9.960000
9.890000
10.060000
10.090000
10.370000
10.220000
10.920000
11.070000
11.000000
10.960000
10.960000
11.000000
11.000000
10.890000
10.990000
10.950000
11.000000
10.960000
11.000000
10.850000
11.040000
11.000000
10.980000
10.930000
10.950000
11.040000
11.070000
10.980000
11.350000
11.390000
11.300000
11.300000
11.250000
11.310000
11.470000
11.570000
11.400000
11.350000
11.350000
11.920000
12.000000
11.790000
11.800000
12.260000
12.560000
12.300000
12.310000
12.290000
12.130000
12.320000
12.000000
11.650000
11.700000
11.680000
11.480000
11.460000
11.290000
11.210000
11.080000
11.240000
11.190000
11.030000
11.010000
10.980000
10.970000
11.000000
11.050000
11.050000
11.150000
10.920000
10.960000
10.920000
10.980000
11.310000
11.860000
12.090000
11.800000
11.600000
11.510000
11.510000
11.660000
11.730000
11.490000
11.760000
12.300000
12.500000
12.410000
12.210000
12.130000
12.280000
12.070000
12.630000
12.920000
13.280000
12.910000
12.670000
12.520000
12.820000
12.570000
12.430000
12.140000
12.060000
12.260000
12.780000
12.700000
13.060000
13.310000
13.420000
14.030000
14.130000
14.230000
13.840000
13.930000
13.960000
14.410000
14.780000
14.640000
13.930000
13.790000
14.270000
14.300000
14.500000
14.200000
13.940000
13.920000
13.210000
14.040000
14.740000
14.860000
14.670000
14.000000
14.250000
14.580000
14.500000
13.940000
14.490000
14.500000
14.310000
14.570000
15.080000
15.000000
15.000000
15.250000
15.130000
15.100000
14.970000
14.620000
14.130000
14.660000
14.880000
14.710000
15.080000
15.080000
14.990000
15.030000
14.920000
14.490000
14.520000
13.780000
15.000000
14.630000
13.870000
13.470000
13.270000
12.860000
12.520000
12.970000
13.450000
14.100000
14.060000
14.440000
14.340000
14.210000
13.520000
13.520000
13.950000
13.610000
13.840000
13.800000
13.710000
13.690000
13.770000
13.490000
13.370000
14.160000
14.010000
13.220000
13.250000
14.080000
14.810000
14.480000
13.520000
13.500000
13.070000
13.010000
12.990000
13.060000
12.560000
12.640000
12.310000
11.960000
12.470000
12.070000
12.530000
12.050000
12.340000
13.410000
13.330000
13.620000
13.170000
13.130000
12.960000
12.860000
13.500000
13.690000
13.970000
13.150000
13.350000
13.890000
13.730000
13.140000
12.910000
13.860000
13.750000
13.310000
13.220000
13.530000
13.590000
13.060000
13.770000
13.820000
13.790000
14.090000
14.240000
14.260000
14.360000
14.450000
14.290000
14.490000
13.940000
14.300000
13.890000
13.540000
13.720000
13.990000
13.490000
13.230000
13.460000
13.410000
14.020000
13.980000
14.370000
14.300000
14.370000
14.150000
14.360000
14.200000
14.050000
14.120000
13.660000
13.550000
13.650000
13.860000
13.670000
13.480000
13.810000
13.910000
13.750000
14.020000
14.480000
14.590000
14.700000
14.730000
15.110000
15.000000
15.000000
15.220000
15.370000
15.800000
15.390000
15.130000
15.000000
14.900000
14.850000
14.400000
14.410000
14.540000
14.510000
14.360000
14.330000
14.230000
14.620000
14.600000
14.800000
14.790000
15.080000
15.120000
15.190000
15.530000
15.740000
15.470000
15.850000
15.320000
14.890000
15.000000
15.240000
15.430000
15.590000
15.430000
15.000000
15.260000
15.460000
15.190000
15.450000
15.640000
16.310000
16.590000
16.750000
16.550000
16.630000
16.580000
16.530000
16.890000
16.990000
16.730000
16.400000
16.530000
16.670000
16.740000
16.620000
16.180000
15.940000
16.740000
16.280000
15.870000
16.090000
16.480000
15.740000
15.570000
15.530000
15.370000
15.330000
15.390000
15.440000
16.210000
16.060000
16.020000
16.160000
16.510000
15.810000
16.160000
16.290000
16.240000
16.120000
16.170000
16.050000
16.110000
15.920000
15.500000
15.290000
15.230000
15.260000
15.280000
15.350000
15.260000
15.080000
15.360000
15.250000
15.210000
15.330000
15.300000
15.340000
15.820000
15.550000
15.840000
15.840000
16.310000
16.540000
16.470000
16.450000
16.080000
16.870000
16.700000
16.810000
16.700000
16.640000
16.630000
16.550000
16.770000
16.580000
16.560000
16.650000
16.790000
17.200000
17.040000
16.910000
16.790000
16.490000
16.250000
16.020000
16.010000
16.030000
17.330000
17.440000
16.840000
16.980000
16.990000
18.040000
18.200000
18.000000
18.050000
18.010000
18.240000
18.510000
18.520000
18.690000
18.670000
18.230000
18.050000
18.350000
18.180000
18.000000
17.840000
17.930000
17.820000
17.890000
17.960000
18.000000
17.890000
17.850000
17.610000
17.160000
16.770000
16.060000
16.090000
16.380000
16.630000
16.150000
16.580000
16.080000
16.500000
15.560000
16.800000
16.410000
17.480000
17.510000
18.190000
18.120000
17.890000
17.440000
17.500000
17.850000
18.890000
19.230000
18.700000
18.960000
19.900000
19.740000
19.430000
18.970000
18.740000
18.950000
19.300000
18.750000
18.200000
18.070000
18.740000
19.060000
19.480000
19.000000
18.890000
18.480000
17.670000
17.280000
17.400000
17.920000
18.040000
17.400000
18.010000
17.350000
16.570000
18.100000
17.810000
18.520000
17.800000
18.330000
18.390000
18.450000
18.260000
18.920000
18.510000
19.370000
19.200000
19.500000
19.560000
20.250000
19.550000
20.370000
20.930000
20.540000
20.440000
19.310000
19.850000
19.930000
19.660000
19.290000
19.290000
17.020000
17.090000
17.040000
16.520000
16.500000
15.800000
15.600000
15.650000
15.430000
15.380000
14.940000
14.830000
15.190000
15.010000
16.090000
15.350000
15.980000
16.140000
16.420000
16.320000
15.680000
16.490000
16.130000
15.420000
15.230000
15.640000
15.670000
15.300000
15.810000
16.010000
16.120000
16.060000
16.230000
15.650000
15.750000
15.730000
15.830000
15.830000
15.700000
15.590000
14.930000
15.030000
15.060000
15.130000
15.580000
15.730000
15.920000
15.820000
15.930000
15.910000
16.200000
16.070000
16.220000
16.270000
16.220000
16.310000
16.710000
16.720000
17.340000
17.190000
17.160000
17.440000
17.290000
16.800000
17.020000
16.830000
16.700000
17.230000
17.090000
17.120000
17.110000
17.240000
17.140000
16.890000
16.540000
15.840000
15.970000
15.630000
16.020000
15.780000
15.450000
16.360000
16.640000
17.060000
17.200000
17.220000
17.000000
17.010000
16.960000
16.620000
16.770000
16.720000
16.870000
17.270000
17.090000
17.070000
17.160000
16.920000
17.430000
17.430000
17.050000
16.750000
16.300000
15.760000
16.000000
16.460000
16.430000
16.320000
16.670000
16.550000
16.470000
16.600000
16.210000
16.000000
16.060000
16.210000
16.690000
16.400000
16.010000
16.220000
15.900000
15.750000
15.990000
16.210000
15.010000
15.060000
15.070000
15.090000
15.030000
14.830000
14.700000
14.540000
14.750000
14.670000
14.630000
14.720000
14.720000
14.680000
14.490000
14.520000
14.380000
14.500000
14.490000
14.940000
14.790000
14.700000
14.460000
14.980000
15.120000
14.950000
14.980000
14.910000
15.790000
15.830000
15.310000
15.770000
15.420000
15.690000
15.820000
15.740000
15.930000
16.360000
16.580000
16.500000
16.530000
16.760000
16.430000
16.460000
16.190000
16.490000
16.350000
16.270000
16.500000
16.200000
15.910000
15.980000
15.630000
15.480000
15.740000
16.530000
16.330000
16.420000
16.240000
16.200000
16.950000
16.920000
17.110000
16.630000
15.260000
15.570000
15.800000
15.050000
15.140000
15.630000
15.650000
15.550000
15.780000
15.480000
15.400000
15.500000
15.600000
15.530000
15.460000
15.300000
15.340000
15.510000
15.230000
15.750000
15.990000
15.870000
15.850000
16.110000
16.310000
16.250000
16.320000
16.410000
16.400000
16.630000
16.030000
15.750000
15.900000
16.180000
16.210000
16.050000
16.130000
16.420000
16.140000
16.220000
16.200000
16.100000
15.990000
15.990000
15.750000
15.480000
15.550000
15.650000
15.650000
15.260000
14.910000
15.060000
15.080000
15.100000
15.350000
15.490000
15.350000
15.290000
14.940000
15.190000
15.280000
14.550000
14.300000
14.220000
14.360000
14.280000
14.270000
14.300000
14.300000
14.610000
14.350000
14.540000
14.690000
14.610000
14.470000
14.390000
14.730000
14.300000
14.330000
14.640000
14.390000
14.240000
14.300000
14.250000
14.410000
14.550000
14.560000
14.490000
14.760000
15.100000
15.030000
15.350000
15.370000
15.180000
15.220000
15.190000
15.130000
15.250000
15.850000
15.420000
15.490000
15.500000
15.570000
15.610000
15.520000
15.370000
15.500000
15.560000
15.310000
15.490000
15.400000
15.360000
15.390000
15.490000
15.600000
15.690000
16.280000
15.440000
15.280000
15.760000
15.800000
16.280000
16.570000
16.720000
16.940000
16.730000
16.800000
16.940000
16.920000
16.810000
16.970000
16.460000
16.890000
17.120000
16.540000
16.440000
16.440000
15.920000
15.860000
15.940000
15.990000
15.990000
16.110000
16.210000
16.030000
16.300000
16.720000
16.530000
16.220000
16.370000
16.390000
16.360000
16.240000
16.280000
16.290000
16.090000
15.960000
16.050000
15.990000
15.820000
15.750000
15.610000
15.420000
15.360000
15.270000
15.330000
15.410000
15.370000
15.160000
15.210000
14.990000
15.050000
15.040000
15.100000
15.150000
15.190000
15.200000
15.100000
15.300000
15.110000
14.850000
14.770000
16.020000
15.500000
15.320000
15.670000
15.450000
15.550000
15.430000
15.530000
15.370000
15.290000
15.310000
15.330000
15.570000
15.510000
15.470000
15.690000
16.210000
16.220000
16.080000
16.370000
16.710000
16.210000
15.520000
15.940000
15.920000
15.890000
15.650000
15.740000
16.420000
15.600000
15.780000
16.140000
15.790000
15.550000
15.600000
15.540000
15.410000
15.570000
15.830000
15.380000
15.840000
15.570000
15.820000
16.220000
16.210000
16.530000
16.770000
16.910000
16.880000
17.000000
16.740000
16.940000
16.970000
17.000000
16.930000
16.880000
16.910000
16.990000
16.770000
16.500000
16.420000
16.590000
16.720000
16.600000
16.730000
16.750000
16.740000
16.990000
16.900000
16.790000
16.770000
16.550000
15.910000
15.700000
15.350000
15.900000
15.660000
16.120000
15.880000
15.740000
15.790000
15.770000
16.150000
16.020000
16.230000
16.390000
16.300000
16.390000
16.510000
16.640000
16.690000
16.530000
16.530000
16.740000
16.700000
16.920000
16.980000
16.930000
16.960000
16.920000
16.930000
16.920000
16.790000
16.980000
16.930000
16.910000
16.900000
16.950000
16.800000
16.770000
16.790000
16.990000
17.000000
17.000000
16.950000
17.000000
17.600000
17.830000
18.210000
18.730000
18.750000
18.800000
18.840000
18.910000
18.910000
18.840000
18.740000
18.170000
18.230000
17.990000
17.740000
17.190000
17.150000
16.880000
16.680000
16.880000
17.030000
17.370000
17.520000
17.290000
17.530000
18.030000
18.530000
18.490000
18.620000
18.870000
19.020000
17.850000
18.010000
17.800000
17.710000
18.340000
18.530000
18.600000
18.320000
18.450000
18.570000
18.970000
18.800000
18.860000
18.790000
18.820000
18.780000
18.830000
18.820000
18.830000
18.700000
18.630000
18.360000
18.960000
18.640000
18.410000
18.290000
18.270000
18.320000
18.250000
18.390000
18.400000
18.620000
18.690000
18.830000
19.030000
18.870000
18.380000
18.220000
18.430000
18.070000
18.180000
18.340000
17.700000
17.380000
17.140000
17.340000
17.240000
17.200000
17.490000
17.700000
17.900000
18.030000
18.060000
18.060000
18.370000
18.290000
17.990000
18.000000
18.070000
18.220000
18.050000
18.210000
18.890000
18.760000
19.280000
19.690000
19.880000
19.310000
19.380000
18.600000
18.920000
18.770000
19.080000
19.180000
19.530000
19.550000
19.560000
19.730000
19.480000
19.110000
18.960000
19.530000
19.930000
20.150000
20.010000
19.270000
19.110000
19.010000
19.080000
18.770000
19.130000
19.310000
19.840000
19.900000
20.020000
20.000000
20.040000
19.660000
19.680000
19.310000
19.270000
19.310000
19.370000
19.590000
19.500000
19.410000
19.310000
19.110000
18.690000
19.350000
20.000000
19.460000
18.840000
19.370000
19.260000
19.240000
19.110000
19.050000
19.320000
19.490000
19.700000
20.300000
20.380000
20.310000
20.190000
19.910000
19.770000
20.100000
20.110000
20.300000
20.330000
20.410000
20.050000
20.000000
19.920000
19.920000
20.090000
20.050000
20.020000
19.890000
19.680000
20.350000
20.340000
20.480000
20.580000
20.780000
20.740000
21.430000
20.760000
20.410000
20.310000
20.020000
20.110000
20.340000
19.820000
19.890000
19.480000
20.070000
19.930000
20.150000
20.280000
20.000000
19.840000
20.000000
19.960000
20.020000
19.190000
19.000000
19.020000
18.820000
19.170000
18.890000
19.230000
19.390000
19.200000
19.250000
19.480000
19.390000
19.460000
19.480000
19.330000
19.220000
19.060000
18.860000
19.080000
18.970000
18.890000
18.920000
18.990000
19.150000
19.230000
19.220000
19.020000
18.840000
18.980000
19.020000
18.740000
18.010000
17.980000
17.760000
17.500000
17.790000
17.570000
17.720000
17.820000
17.590000
17.610000
17.560000
16.900000
16.640000
17.190000
17.160000
17.030000
16.960000
17.380000
16.750000
17.230000
17.380000
18.080000
18.530000
18.840000
18.360000
17.840000
17.870000
17.130000
17.430000
17.510000
17.490000
18.390000
18.550000
19.220000
19.770000
20.080000
20.090000
19.680000
19.510000
19.430000
19.210000
19.210000
19.220000
18.900000
18.490000
18.490000
18.580000
17.970000
18.180000
18.050000
18.620000
18.680000
18.240000
17.920000
17.880000
18.180000
18.650000
18.300000
18.570000
18.170000
20.040000
19.750000
19.920000
19.580000
19.330000
19.120000
19.490000
19.630000
19.770000
19.930000
19.960000
20.180000
20.340000
20.910000
21.090000
20.790000
20.360000
20.300000
20.060000
20.000000
20.240000
20.060000
19.800000
20.060000
19.980000
19.670000
20.300000
20.210000
19.840000
20.270000
20.250000
20.250000
20.140000
20.050000
20.590000
20.200000
20.300000
20.390000
20.570000
20.750000
20.890000
20.740000
20.950000
21.160000
21.190000
21.110000
21.070000
21.020000
21.580000
21.540000
21.510000
21.750000
21.970000
21.980000
22.160000
22.420000
21.860000
21.510000
21.010000
20.890000
21.700000
21.610000
21.780000
22.240000
22.770000
22.900000
23.080000
23.500000
23.810000
23.760000
24.060000
24.340000
24.080000
24.170000
24.190000
24.980000
24.500000
25.080000
24.600000
25.280000
25.230000
25.140000
25.050000
25.050000
24.940000
24.880000
25.030000
24.870000
24.210000
23.730000
24.270000
23.990000
23.900000
23.910000
23.270000
23.220000
23.780000
22.380000
22.730000
23.770000
23.130000
23.310000
20.520000
21.440000
21.110000
21.460000
20.840000
21.530000
20.910000
20.790000
21.350000
21.260000
21.780000
21.170000
20.970000
21.040000
20.680000
20.510000
20.200000
20.300000
20.280000
20.280000
20.480000
20.120000
20.120000
20.720000
20.210000
19.940000
19.840000
19.860000
19.910000
20.020000
19.650000
19.980000
20.230000
20.010000
20.020000
20.480000
19.410000
19.950000
19.530000
19.510000
19.380000
19.460000
18.760000
18.860000
19.180000
19.090000
18.850000
18.410000
17.820000
17.900000
18.240000
18.380000
18.070000
17.870000
17.630000
17.570000
17.330000
17.380000
17.430000
17.510000
17.680000
17.880000
18.120000
21.090000
20.710000
21.160000
20.780000
21.270000
20.880000
21.200000
21.360000
21.150000
21.040000
21.040000
21.050000
19.950000
19.750000
20.230000
20.520000
20.910000
21.690000
20.470000
20.430000
19.940000
19.750000
19.920000
20.250000
20.240000
20.410000
20.660000
21.040000
21.330000
21.580000
21.610000
21.800000
21.630000
21.450000
20.950000
20.220000
19.850000
19.680000
19.540000
19.880000
19.600000
20.800000
21.200000
21.910000
22.720000
22.240000
22.200000
22.020000
21.450000
22.730000
22.290000
21.980000
21.930000
21.320000
21.920000
22.850000
23.240000
23.300000
23.540000
23.170000
22.680000
23.600000
23.150000
23.220000
21.680000
22.650000
22.060000
22.210000
22.000000
21.650000
21.670000
21.510000
21.220000
21.990000
21.780000
22.240000
21.850000
21.730000
21.520000
21.600000
21.950000
22.110000
22.270000
21.910000
22.250000
21.840000
21.400000
21.380000
21.190000
20.610000
20.330000
20.130000
20.440000
20.900000
20.980000
20.910000
21.450000
22.160000
21.920000
21.340000
22.070000
22.260000
21.780000
21.220000
21.200000
21.770000
20.840000
20.980000
20.990000
20.600000
20.630000
20.650000
20.300000
20.200000
20.690000
20.620000
21.150000
21.110000
20.940000
20.440000
20.630000
21.490000
21.210000
20.630000
20.130000
20.290000
20.150000
20.490000
20.240000
20.340000
19.950000
19.850000
19.850000
20.080000
19.650000
19.690000
19.840000
19.670000
19.340000
19.370000
19.270000
19.360000
19.490000
19.500000
19.560000
19.100000
19.420000
19.500000
19.950000
19.320000
19.880000
19.620000
19.410000
19.880000
19.810000
19.900000
19.880000
19.880000
19.280000
19.600000
19.570000
19.900000
19.880000
20.280000
20.720000
20.270000
20.340000
20.380000
20.180000
19.910000
19.890000
20.070000
21.030000
21.220000
21.630000
21.740000
21.970000
21.880000
21.680000
21.860000
21.520000
21.670000
21.570000
21.460000
21.260000
21.390000
20.940000
20.480000
20.700000
20.400000
20.510000
20.570000
20.420000
20.030000
19.840000
20.200000
20.150000
20.340000
20.190000
20.380000
20.200000
20.690000
20.880000
21.030000
21.070000
21.360000
21.650000
21.760000
21.520000
21.730000
21.880000
22.080000
22.050000
22.000000
21.940000
21.970000
22.000000
22.220000
22.050000
22.420000
22.400000
22.270000
22.710000
20.820000
20.030000
20.210000
20.360000
20.590000
20.660000
20.380000
20.530000
20.580000
21.290000
21.710000
22.610000
22.180000
21.570000
21.610000
21.230000
21.120000
21.490000
21.730000
21.960000
21.080000
21.530000
21.940000
21.590000
21.460000
21.470000
21.560000
21.710000
21.730000
22.010000
21.910000
21.380000
20.640000
21.030000
20.770000
21.040000
21.000000
20.900000
21.090000
21.470000
21.380000
21.380000
21.500000
21.990000
21.850000
22.050000
22.050000
22.110000
22.000000
22.090000
22.040000
22.110000
21.990000
21.480000
21.450000
21.050000
21.080000
21.220000
21.930000
21.830000
21.850000
22.250000
22.710000
22.650000
22.490000
22.420000
22.730000
22.670000
22.790000
22.180000
22.230000
22.290000
22.100000
21.940000
22.090000
21.800000
21.890000
21.700000
21.630000
21.750000
21.900000
22.200000
22.250000
22.200000
22.150000
22.100000
21.950000
21.850000
21.950000
21.950000
21.600000
21.550000
21.650000
21.650000
22.150000
21.850000
23.100000
23.850000
25.700000
25.200000
24.750000
25.000000
25.350000
25.400000
25.750000
26.050000
26.100000
26.150000
25.950000
25.350000
25.500000
25.400000
25.350000
26.500000
26.300000
26.850000
27.300000
27.400000
27.700000
27.650000
27.150000
27.300000
27.350000
27.300000
27.500000
27.300000
27.000000
27.250000
27.250000
27.200000
26.900000
26.450000
26.400000
26.750000
26.450000
26.450000
26.150000
26.300000
26.450000
25.800000
25.950000
25.550000
25.700000
25.300000
25.750000
26.650000
26.950000
27.800000
27.700000
27.650000
26.750000
26.500000
26.050000
25.700000
26.400000
26.200000
25.900000
24.900000
25.000000
25.550000
25.400000
25.150000
25.400000
25.300000
25.150000
25.650000
25.500000
25.600000
25.500000
25.600000
25.000000
25.400000
24.850000
25.050000
25.150000
25.000000
25.000000
24.100000
24.000000
24.000000
23.750000
23.800000
23.550000
24.500000
24.550000
24.250000
24.450000
24.500000
24.800000
25.100000
25.750000
25.700000
25.600000
26.350000
25.900000
25.700000
24.000000
24.050000
23.650000
23.850000
24.000000
23.700000
23.650000
24.250000
24.450000
24.500000
24.700000
24.100000
25.250000
25.900000
26.300000
26.350000
25.400000
25.600000
25.400000
25.700000
25.350000
25.850000
25.600000
25.700000
26.100000
25.050000
24.550000
24.650000
25.350000
24.000000
23.650000
23.850000
24.350000
24.650000
25.000000
25.400000
25.450000
25.300000
25.600000
26.300000
26.750000
26.350000
26.500000
26.100000
26.250000
26.050000
25.800000
25.150000
25.400000
25.500000
25.500000
25.350000
24.800000
24.900000
25.550000
26.100000
25.600000
25.100000
25.450000
25.600000
24.850000
25.300000
25.250000
24.950000
24.900000
24.800000
24.800000
25.200000
25.450000
25.400000
25.750000
25.750000
25.900000
25.850000
25.700000
25.450000
25.650000
25.750000
26.000000
25.650000
26.100000
26.200000
25.650000
25.250000
25.500000
25.300000
26.100000
26.100000
24.400000
24.450000
25.100000
24.550000
24.550000
24.250000
24.450000
24.400000
24.400000
24.400000
24.400000
24.450000
24.350000
24.550000
24.700000
25.100000
25.050000
24.850000
24.800000
24.800000
24.700000
24.900000
25.200000
25.200000
25.200000
25.250000
25.150000
25.700000
25.850000
26.400000
26.750000
26.750000
27.150000
27.600000
27.850000
27.950000
28.350000
28.850000
28.800000
28.600000
28.100000
28.100000
27.850000
28.150000
28.300000
28.100000
28.300000
28.300000
28.550000
28.450000
28.350000
28.200000
28.550000
28.050000
28.450000
28.250000
27.400000
28.250000
27.550000
28.550000
28.150000
27.350000
27.000000
26.850000
25.250000
25.100000
24.800000
25.050000
24.950000
25.600000
26.250000
27.050000
27.800000
27.400000
27.650000
27.600000
28.450000
28.250000
27.900000
26.650000
26.350000
26.000000
26.050000
25.850000
25.350000
26.050000
25.700000
26.150000
25.300000
26.250000
26.200000
25.500000
25.750000
25.850000
25.450000
25.500000
26.350000
26.450000
25.800000
25.550000
25.450000
25.800000
26.200000
26.400000
25.500000
25.450000
25.800000
25.750000
25.000000
25.350000
25.000000
25.200000
24.900000
25.000000
24.950000
25.950000
26.800000
25.850000
26.100000
26.050000
26.050000
25.650000
25.050000
25.000000
24.850000
24.700000
25.000000
25.050000
24.900000
24.900000
24.850000
25.050000
24.400000
24.900000
25.200000
25.200000
25.400000
25.100000
24.350000
24.450000
24.850000
24.600000
24.900000
25.500000
26.350000
26.050000
25.500000
25.200000
25.050000
24.950000
24.800000
24.750000
24.550000
25.050000
24.900000
24.750000
25.350000
25.250000
25.600000
25.000000
24.900000
25.050000
25.050000
25.600000
25.400000
25.450000
26.450000
26.050000
26.050000
25.650000
26.250000
26.200000
26.500000
26.200000
26.150000
26.050000
25.950000
25.400000
24.950000
25.300000
24.750000
24.800000
25.150000
25.000000
25.800000
26.000000
26.250000
26.500000
26.050000
26.050000
25.800000
26.000000
26.200000
26.500000
26.500000
26.750000
26.550000
26.750000
26.550000
26.450000
26.550000
26.800000
26.650000
27.200000
27.400000
27.250000
27.250000
27.100000
26.900000
26.500000
26.300000
26.050000
25.900000
25.000000
25.400000
25.650000
26.000000
25.300000
24.750000
25.350000
25.900000
25.550000
25.550000
25.550000
26.100000
26.250000
26.750000
26.800000
26.250000
26.200000
25.650000
26.150000
26.300000
26.300000
26.150000
25.950000
25.900000
25.550000
25.450000
25.500000
25.300000
25.600000
25.200000
25.550000
26.050000
25.750000
26.000000
25.600000
25.700000
25.600000
25.950000
28.850000
28.100000
27.950000
27.600000
27.750000
27.600000
27.600000
28.200000
28.550000
28.500000
28.500000
28.900000
28.450000
28.600000
28.850000
29.000000
28.800000
27.700000
28.000000
28.000000
27.700000
27.500000
27.350000
26.750000
26.400000
27.250000
26.950000
26.850000
26.450000
26.700000
26.450000
26.200000
26.600000
26.650000
26.850000
26.900000
26.980000
27.230000
27.630000
27.170000
27.060000
27.010000
27.070000
26.370000
25.500000
24.820000
25.740000
26.120000
26.030000
25.010000
24.690000
25.490000
25.130000
24.090000
24.710000
24.460000
24.310000
24.570000
24.170000
24.190000
23.990000
23.290000
23.160000
23.800000
26.160000
26.610000
26.570000
27.000000
26.940000
27.030000
27.400000
27.600000
27.780000
27.920000
28.090000
28.050000
27.860000
27.990000
28.340000
28.060000
28.740000
28.110000
27.600000
27.240000
27.330000
27.390000
27.550000
27.350000
27.110000
27.160000
27.030000
26.870000
26.220000
26.500000
26.010000
26.300000
26.320000
27.120000
27.000000
27.340000
26.950000
27.920000
28.080000
27.970000
28.210000
28.170000
28.110000
27.700000
28.290000
28.630000
28.470000
29.620000
29.290000
29.350000
29.320000
29.800000
29.500000
29.500000
29.450000
30.050000
30.520000
30.100000
30.470000
30.200000
29.840000
29.860000
29.830000
29.980000
30.230000
30.360000
31.530000
32.610000
32.690000
33.520000
33.550000
34.070000
34.210000
34.480000
33.910000
34.280000
35.070000
34.840000
34.160000
33.060000
33.500000
33.260000
33.700000
33.350000
32.870000
32.610000
33.070000
32.800000
32.040000
32.420000
31.070000
31.410000
30.860000
31.050000
31.140000
30.850000
31.120000
31.000000
31.060000
31.870000
32.000000
31.600000
31.120000
31.660000
32.070000
32.780000
32.560000
33.460000
33.370000
34.380000
34.140000
34.210000
34.540000
33.890000
34.060000
33.830000
33.080000
33.580000
33.300000
33.740000
33.590000
32.560000
32.450000
33.620000
32.800000
32.000000
31.830000
31.520000
31.280000
30.540000
30.150000
30.210000
29.110000
28.470000
28.550000
28.450000
27.470000
26.840000
26.550000
27.060000
28.020000
28.130000
27.350000
27.440000
27.660000
27.620000
27.960000
28.470000
28.290000
28.580000
28.910000
29.550000
29.660000
29.880000
30.120000
30.190000
30.010000
30.540000
30.750000
31.620000
31.240000
31.080000
30.910000
31.020000
30.860000
30.650000
30.390000
30.970000
31.270000
31.450000
30.870000
30.730000
30.540000
30.570000
30.800000
31.000000
31.200000
30.900000
30.880000
31.590000
31.220000
30.580000
30.280000
29.940000
30.170000
30.480000
32.780000
32.210000
32.490000
32.610000
31.390000
31.380000
32.090000
32.420000
32.020000
32.050000
31.910000
31.040000
31.430000
30.700000
31.010000
31.370000
31.290000
30.790000
30.800000
32.080000
31.830000
32.600000
32.440000
33.650000
33.990000
34.520000
34.090000
34.440000
34.540000
34.350000
34.420000
34.610000
33.710000
33.770000
33.570000
33.550000
33.300000
32.730000
32.480000
32.180000
31.530000
31.230000
30.960000
31.250000
31.570000
31.790000
31.830000
32.630000
31.950000
32.520000
32.030000
32.200000
32.510000
34.260000
33.510000
33.520000
34.500000
35.150000
36.040000
35.950000
35.770000
36.080000
37.430000
36.600000
36.230000
35.020000
34.990000
35.960000
35.680000
36.400000
36.410000
36.240000
35.940000
35.400000
35.790000
36.730000
36.150000
36.820000
36.870000
36.650000
36.120000
36.030000
35.610000
35.920000
35.820000
36.070000
36.380000
36.560000
37.050000
36.500000
36.740000
37.400000
37.830000
36.900000
37.010000
37.720000
37.240000
37.520000
37.190000
37.390000
37.130000
36.900000
36.520000
36.430000
36.360000
36.130000
35.930000
35.310000
35.340000
34.900000
34.770000
36.180000
35.620000
35.020000
34.810000
35.810000
36.290000
35.250000
35.180000
34.650000
34.690000
34.410000
34.680000
34.750000
35.110000
34.790000
34.110000
33.620000
33.650000
34.340000
34.990000
34.180000
33.800000
33.670000
33.980000
33.040000
32.430000
29.940000
30.760000
31.070000
29.710000
30.960000
30.260000
30.540000
31.420000
30.740000
29.120000
29.200000
29.000000
27.050000
28.770000
25.640000
28.280000
26.280000
28.440000
27.410000
26.290000
27.440000
26.820000
27.530000
25.990000
27.170000
28.280000
26.570000
26.020000
25.890000
27.480000
27.730000
27.400000
28.520000
28.150000
27.960000
27.170000
25.690000
26.900000
26.410000
26.200000
26.790000
27.350000
27.610000
28.400000
29.840000
30.910000
30.380000
29.280000
28.770000
28.520000
28.410000
28.480000
30.240000
28.400000
27.030000
26.670000
26.620000
27.240000
29.150000
28.130000
28.630000
28.600000
28.430000
29.650000
30.650000
29.860000
29.630000
28.800000
28.870000
29.560000
30.830000
31.880000
31.900000
31.000000
30.010000
28.160000
28.330000
28.630000
28.990000
28.090000
28.040000
28.200000
28.300000
28.170000
27.460000
28.140000
28.140000
29.290000
29.770000
28.390000
28.730000
29.320000
29.030000
29.050000
27.450000
28.430000
28.770000
28.940000
29.510000
29.460000
29.450000
28.840000
