2.610000
2.600000
2.680000
2.690000
2.650000
2.680000
2.800000
3.020000
3.110000
3.280000
3.580000
3.600000
3.670000
3.550000
3.750000
3.820000
4.200000
4.400000
4.650000
5.230000
4.600000
4.200000
4.570000
4.700000
4.700000
4.650000
4.040000
4.250000
4.370000
4.150000
3.800000
3.690000
3.750000
4.000000
4.150000
4.160000
4.170000
4.150000
4.150000
3.860000
3.950000
4.240000
4.000000
3.850000
3.850000
4.060000
4.270000
4.310000
4.200000
4.200000
4.000000
4.030000
3.970000
4.000000
3.950000
4.210000
4.370000
4.350000
4.660000
5.000000
4.910000
4.950000
5.100000
5.350000
5.850000
5.900000
5.500000
4.840000
5.300000
5.600000
7.200000
7.500000
6.300000
5.650000
5.900000
6.000000
5.850000
6.150000
6.000000
6.000000
5.750000
5.500000
5.650000
6.500000
6.700000
6.860000
6.750000
6.650000
6.800000
6.820000
6.630000
6.450000
6.190000
6.490000
6.100000
6.000000
6.020000
6.250000
6.010000
6.000000
5.900000
6.200000
6.150000
6.050000
5.950000
5.950000
5.700000
5.590000
5.460000
5.650000
5.950000
5.820000
5.800000
5.710000
5.700000
5.750000
5.700000
5.820000
5.800000
5.810000
5.850000
5.650000
5.620000
5.700000
5.650000
5.300000
5.050000
4.600000
4.500000
4.700000
5.100000
5.350000
5.170000
4.650000
4.650000
4.440000
4.800000
4.850000
4.350000
4.150000
4.190000
4.100000
4.010000
4.280000
3.950000
3.700000
3.260000
3.070000
3.400000
3.150000
3.100000
3.150000
3.210000
3.380000
3.500000
3.920000
4.000000
4.100000
4.170000
4.150000
3.970000
3.900000
3.660000
3.510000
3.700000
3.660000
3.580000
3.510000
3.430000
3.130000
3.150000
3.030000
3.150000
3.580000
3.500000
3.620000
3.900000
4.200000
4.060000
3.940000
3.790000
3.980000
4.000000
4.000000
3.850000
3.800000
3.900000
4.120000
4.230000
4.100000
4.120000
4.100000
4.150000
3.900000
3.820000
3.550000
3.410000
3.400000
3.060000
3.120000
3.300000
3.370000
3.550000
3.600000
3.700000
3.700000
3.700000
3.500000
3.500000
3.300000
3.300000
3.500000
3.550000
3.530000
3.590000
3.650000
3.750000
3.850000
3.910000
4.080000
4.270000
4.330000
4.230000
4.200000
4.050000
3.950000
3.930000
4.000000
3.830000
4.000000
3.950000
3.900000
3.720000
3.800000
3.800000
3.800000
3.680000
3.610000
3.750000
3.750000
3.790000
3.850000
3.880000
4.050000
4.150000
4.500000
4.950000
4.640000
4.850000
5.000000
4.920000
4.900000
5.050000
4.900000
4.800000
4.850000
4.980000
5.170000
5.280000
5.530000
5.600000
5.960000
5.800000
5.740000
5.600000
5.500000
5.400000
5.210000
5.260000
5.850000
5.850000
5.890000
5.770000
5.910000
5.750000
5.900000
5.850000
5.400000
5.890000
5.620000
5.610000
5.460000
5.270000
5.040000
5.100000
5.190000
5.600000
5.550000
5.240000
4.900000
5.020000
4.860000
4.690000
4.410000
4.480000
4.400000
4.800000
4.910000
5.130000
5.060000
4.950000
4.900000
4.850000
4.840000
4.880000
4.970000
4.880000
4.740000
4.860000
4.860000
4.600000
4.500000
4.450000
4.480000
4.380000
4.390000
4.340000
4.360000
4.180000
4.000000
4.070000
4.060000
4.010000
4.070000
4.100000
3.960000
3.840000
3.740000
3.580000
3.430000
3.980000
3.910000
3.980000
3.890000
3.780000
3.680000
3.760000
4.020000
4.020000
4.260000
4.200000
4.110000
4.100000
4.120000
4.050000
3.980000
3.880000
3.910000
4.010000
4.040000
4.030000
4.070000
5.400000
5.470000
5.100000
5.330000
5.310000
5.440000
5.450000
5.290000
5.180000
5.030000
5.070000
4.870000
4.890000
4.820000
4.640000
4.410000
4.520000
4.370000
4.500000
4.440000
4.310000
4.350000
4.420000
4.210000
4.190000
4.260000
4.120000
3.990000
3.780000
3.900000
4.190000
4.510000
4.520000
4.480000
4.400000
4.400000
4.380000
4.330000
4.230000
4.220000
4.020000
4.070000
4.170000
4.130000
4.030000
4.010000
3.990000
4.010000
3.900000
3.780000
3.690000
3.890000
3.840000
3.740000
3.640000
3.690000
3.890000
3.840000
3.800000
3.900000
3.920000
3.960000
4.090000
3.980000
3.950000
3.800000
3.800000
3.790000
3.710000
3.830000
3.880000
3.830000
3.990000
3.980000
3.870000
3.710000
3.810000
3.890000
3.880000
3.890000
3.830000
3.830000
3.940000
3.870000
3.750000
3.750000
3.680000
3.740000
3.850000
3.820000
3.780000
3.660000
3.550000
3.643800
3.560000
3.600000
3.570000
3.570000
3.500000
3.540000
3.500000
3.490000
3.620000
3.620000
3.620000
3.590000
3.610000
3.600000
3.590000
3.520000
3.600000
3.730000
3.730000
3.690000
3.610000
3.580000
3.530000
3.570000
3.600000
3.620000
3.580000
3.600000
3.550000
3.550000
3.450000
3.400000
3.610000
3.620000
3.600000
3.560000
3.600000
3.700000
3.690000
3.590000
3.700000
3.620000
3.980000
4.140000
4.140000
4.530000
4.600000
4.510000
4.510000
4.700000
4.710000
4.882000
4.970000
4.900000
4.600000
4.520000
4.580000
4.790000
4.660000
4.670000
4.440000
4.320000
4.490000
4.340000
4.250000
4.150000
4.140000
4.270000
4.420000
4.530000
4.580000
4.550000
4.540000
4.530000
4.580000
4.620000
4.560000
4.590000
4.620000
4.650000
4.690000
4.700000
4.610000
4.550000
4.350000
4.500000
4.610000
4.500000
4.580000
4.640000
4.560000
4.490000
4.450000
4.310000
4.490000
4.400000
4.320000
4.350000
4.310000
4.760000
4.810100
4.920000
5.040000
4.820000
4.610000
4.800000
4.740000
4.630000
4.510000
4.550000
4.720000
4.880000
4.600000
4.710000
5.130000
5.320000
5.240000
5.450000
5.450000
6.000000
5.880000
5.900000
6.000000
5.890000
5.710000
5.890000
5.610000
5.970000
6.130000
6.350000
6.550000
6.500000
6.510000
6.940000
7.170000
6.970000
6.950000
6.660000
6.740000
6.770000
6.380000
6.150000
6.070000
5.840000
5.540000
5.700000
5.530000
5.650000
5.980000
6.180000
6.110000
5.920000
6.080000
5.990000
6.000000
6.000000
6.200000
6.120000
5.840000
5.660000
5.590000
5.490000
5.500000
5.670000
5.630000
5.730000
5.660000
5.690000
5.700000
5.639800
5.630000
5.730000
6.060000
6.200000
6.020000
6.270000
6.450000
6.450000
6.520000
6.510000
6.480000
6.580000
6.450000
6.350000
6.450000
6.460000
6.500000
6.470000
6.480000
6.570000
6.360000
6.840000
7.150000
7.650000
7.350000
7.140000
7.660000
7.830000
7.830000
7.630000
7.940000
8.230000
8.500000
8.540000
8.400000
8.540000
8.160000
7.420000
7.590000
7.420000
6.980000
7.130000
7.020000
7.690000
7.550000
7.930000
8.280000
8.110000
7.950000
8.150000
8.330000
8.020000
7.900000
8.150000
8.058200
8.400000
8.190000
7.790000
7.890000
8.640000
9.180000
8.980000
8.940000
9.000000
8.850000
8.860000
8.870000
8.750000
8.640000
8.920000
8.790000
8.890000
8.870000
8.800000
8.750000
8.270000
8.260000
8.290000
8.370000
8.450000
8.260000
8.100000
8.300000
8.060000
7.550000
7.640000
7.850000
7.930000
7.870000
8.000000
8.050000
8.250000
8.490000
8.420000
8.290000
8.280000
8.090100
8.240000
8.020000
7.970000
7.720000
7.630000
8.030000
8.020000
7.950000
8.200000
8.340000
8.160000
8.130000
8.060000
7.960000
8.030000
8.000000
8.290000
8.500000
8.540000
8.390000
8.090000
7.810000
7.140000
6.990000
7.050000
6.800000
6.890000
7.070000
6.890000
6.540000
6.500000
6.370000
5.960000
6.250000
6.550000
6.560000
6.610000
6.350000
5.800000
5.690000
6.240000
6.140000
6.100000
6.030000
6.130000
6.260000
6.350000
6.380000
6.280000
6.310000
6.550000
6.470000
6.480000
6.370000
6.420000
6.450000
6.410000
6.380000
6.340000
6.150000
6.450000
6.770000
6.810000
6.550000
6.660000
6.770000
7.140000
7.100000
7.100000
7.370000
7.530000
7.320000
7.360000
7.415600
7.450000
7.610000
7.910000
7.890000
7.870000
8.580000
8.450000
8.420000
9.060000
8.720000
8.600000
8.480000
8.450000
8.470000
8.450000
8.470000
8.420000
8.440000
8.180000
8.290000
8.220000
8.200000
8.010000
8.250000
8.200000
8.100000
7.430000
6.790000
7.480000
7.560000
6.920000
7.100000
7.270000
7.460000
7.190000
7.260000
7.200000
7.410000
7.680000
8.000000
8.010000
7.880000
8.070000
8.390000
8.670000
8.870000
8.700000
8.500000
8.520000
8.690000
8.720000
8.930000
8.940000
8.990000
9.190000
9.260000
9.000000
8.959900
9.360000
9.650000
10.700000
10.350000
10.250000
9.850000
10.030000
9.970000
9.960000
9.730000
10.000000
10.180000
10.470000
10.610000
10.620000
10.070000
9.850000
9.870100
10.020000
9.950000
10.340000
10.630000
10.960000
11.210000
11.250000
11.240000
11.250000
11.170000
11.280000
11.130000
10.960000
11.090000
11.080000
10.720000
10.690000
10.510000
10.830000
11.420000
11.980000
12.100000
12.290000
11.900000
12.330000
12.340000
12.050000
12.000000
11.880000
12.100000
12.230800
11.850000
12.210000
12.380000
12.450000
12.580000
12.460000
12.670000
12.350000
12.230000
12.290000
12.120000
11.700000
11.660000
12.010000
12.300000
11.680000
12.190000
11.800000
12.000000
12.080000
12.130000
12.750000
13.240000
13.580000
13.380000
13.290000
12.950000
12.710000
12.496700
11.760000
12.120000
12.250000
12.310000
12.280000
12.340000
12.070000
12.030000
11.870000
11.620000
10.840000
11.240000
11.520000
11.740000
12.340000
12.230000
12.450000
12.850000
12.890000
12.680000
12.600000
12.830000
12.765200
12.600000
12.530000
12.750000
12.800000
12.760000
12.950000
12.700000
12.780000
13.050000
14.010000
15.140000
15.170000
13.130000
13.930000
14.150000
13.700000
13.350000
13.800000
13.300000
12.790000
12.700000
12.050000
11.000000
9.830000
9.720000
9.650000
9.970000
10.380000
10.300000
10.440000
10.550000
10.020000
10.000000
9.860000
10.050000
10.060000
9.840000
9.930000
10.099000
9.840000
10.014000
10.130000
10.230000
10.100000
10.160000
10.300000
10.350000
11.150000
11.450000
11.550000
11.330000
10.790000
10.870000
11.050000
10.900000
10.640000
10.620000
11.280000
12.085200
11.800000
13.050000
13.130000
12.510000
12.540000
12.670000
12.380000
12.220000
12.540000
11.840000
11.450000
11.980000
11.960000
12.050000
11.981000
12.170000
11.920000
12.100000
11.750000
11.950000
11.620000
11.900000
11.890000
11.920000
12.040000
11.300000
11.640000
11.970000
11.180600
11.990000
11.400000
11.690000
11.220000
11.520000
10.990000
10.510000
11.140000
10.950000
11.000000
11.320000
11.210000
11.320000
11.760000
12.100000
12.820000
12.460000
12.500000
12.570000
12.470000
12.560000
12.770000
13.250000
13.149200
13.350000
13.500000
13.330000
13.150000
13.370000
13.130000
13.510000
13.520000
13.040000
13.250000
13.420000
13.120000
13.350000
12.990000
13.070100
12.280000
11.760000
11.250000
11.140000
10.570000
10.560000
10.970000
10.570000
10.740000
10.610000
10.790000
10.750000
11.250000
10.890000
10.360000
10.290000
10.230000
10.530000
10.530000
10.130000
10.320000
10.250000
10.550000
10.840000
11.230000
11.345000
12.060000
12.440000
12.490000
12.500000
12.550000
12.190000
12.370000
12.300000
12.240000
12.170000
11.550000
10.800000
11.109900
11.030000
11.480000
11.100000
10.500000
10.370000
9.760000
9.450000
9.700000
10.210000
10.190000
9.780000
9.670000
9.160000
9.280000
9.380000
9.850000
9.960000
9.640000
9.580000
9.570000
9.590000
9.560000
9.500000
9.670000
10.180000
10.360000
9.840000
9.860000
9.740000
9.460000
9.284000
9.500000
9.340000
9.280000
9.430000
9.350000
9.540000
9.960000
10.060000
9.580000
9.890000
9.730000
9.860000
9.760000
9.650000
9.750000
9.990000
9.840000
10.020000
10.150000
10.040000
9.750000
9.310000
9.490000
9.250000
9.790000
9.490000
9.251000
9.210000
9.500000
9.600000
9.380000
9.190000
9.060000
8.760000
8.760000
8.800000
8.780000
8.750000
8.730000
8.670000
8.590000
8.450000
8.260000
8.040000
8.120000
8.030000
8.550000
7.970000
7.840000
7.440000
7.150000
7.260000
7.560000
7.590000
7.710000
7.530000
7.650000
7.500000
7.430000
7.600000
7.410000
7.290000
6.980000
7.020000
7.020000
6.890000
7.310000
7.190000
7.109900
6.370000
6.309900
6.270000
6.010000
5.790000
5.450000
5.320000
5.760000
5.640000
5.140000
4.890000
4.890000
5.100000
5.120000
5.270000
5.190000
5.240000
6.420000
6.400000
6.480000
5.920000
5.700000
5.130000
5.270000
4.940000
4.500000
4.610000
4.060000
4.700000
4.440000
4.590000
4.650000
4.790000
5.100000
5.540000
5.180000
5.030000
5.000000
4.830000
4.230000
4.300000
4.160000
3.450000
3.400000
2.770000
2.540000
2.450000
2.210000
1.800000
2.200000
1.910000
1.740000
1.750000
1.810000
2.000000
2.140000
1.880000
1.880000
1.820000
1.880000
2.170000
2.750000
3.450000
3.500000
3.090000
3.620000
3.297600
2.990000
3.080000
3.130000
2.900000
2.480000
2.830000
2.890000
2.580000
2.370000
2.280000
2.059900
2.440000
2.710000
2.630000
2.760000
2.800000
2.550000
2.560000
2.500000
2.600000
2.670000
2.800000
2.990000
3.260000
3.190000
3.310000
3.240000
3.310000
3.900000
3.527000
3.400000
3.260000
3.230000
3.300000
3.360000
3.360000
3.530000
3.680000
3.810000
4.260000
4.320000
4.090000
4.150000
4.091000
3.709900
3.620000
3.410000
3.590000
3.620000
3.450000
3.610000
3.740000
3.936000
3.760000
3.920000
3.930000
3.970000
3.970000
3.920000
4.060000
4.780000
5.310000
4.950100
5.150000
4.870000
4.900000
4.990000
4.860000
4.750000
4.500000
4.490000
4.850000
4.550000
4.420000
4.349900
4.520000
4.300000
4.180000
4.110000
4.780000
4.900000
4.880000
4.690000
4.790000
4.710000
4.790000
4.610000
5.100000
5.380000
6.300000
6.630000
6.160000
6.880000
6.650000
7.140000
7.090000
6.969900
6.560000
6.910000
7.150000
6.900000
6.510000
6.460000
6.160000
6.350000
6.530000
6.830000
6.600000
6.350000
6.210000
6.000000
5.760000
5.790000
5.760100
6.274000
6.750000
6.790000
6.720000
6.800000
6.510000
6.778000
7.110000
6.880000
6.950000
6.700000
6.830000
6.680000
6.880000
6.250000
6.280000
6.260000
6.720000
7.250000
7.700000
7.750000
8.000000
8.120000
7.720000
8.026000
8.110000
8.220000
8.700000
8.090000
8.490000
8.190000
8.050000
8.189800
8.120000
8.230000
7.856600
7.490000
7.300000
7.050000
7.300000
7.520000
7.042000
7.150000
7.160000
7.140000
7.120000
7.010000
7.050000
7.195000
7.050000
6.650100
6.440000
5.920000
6.160000
6.200000
6.540000
6.600000
6.880000
7.000000
7.180000
7.190000
7.130000
7.000000
7.240000
7.410000
7.450000
7.090000
6.780000
6.930000
7.260000
7.480000
7.200000
6.920000
6.850000
6.650000
6.299000
6.290000
6.550000
6.580000
6.280000
5.970000
6.190000
6.220000
6.330000
6.500000
6.550000
6.459900
6.350000
6.500000
6.730000
6.380000
6.180000
6.760000
6.940000
6.960000
7.010000
6.980000
7.329900
7.369900
7.280000
7.560000
7.450000
7.160000
7.150000
7.500000
7.600000
7.282000
7.100000
7.110000
7.230000
7.270000
7.380000
6.920000
6.900000
7.240000
7.360000
7.400000
7.670000
7.600000
7.790100
7.560000
7.640000
7.440000
7.480000
7.440000
7.350000
7.350000
7.270000
7.270100
6.860000
6.780000
6.350000
6.750000
6.480000
6.600000
6.990000
6.900100
6.970000
7.060000
7.340000
7.310000
7.220000
7.020000
7.110000
7.230000
7.300000
7.340000
7.340000
7.320000
7.380000
7.420000
7.920000
7.410000
7.430000
7.820000
8.600000
8.310000
8.030000
7.900000
7.750000
8.300000
8.270000
8.239000
8.300000
8.150000
8.000000
7.880000
8.100000
8.200000
8.220200
8.350000
8.500000
8.440000
8.285000
8.290000
8.260000
8.530000
8.820000
9.200000
9.100000
9.390000
9.440000
9.100000
9.390000
9.290000
9.180000
9.200000
8.890000
8.600000
8.390000
8.350000
8.280000
8.290000
8.000000
7.670000
8.340000
8.510000
8.490000
8.150000
8.370000
8.230000
8.620000
8.529000
8.870000
8.730000
9.105000
9.200000
9.430000
9.460000
9.249900
8.910000
8.910000
9.070000
9.450000
9.690000
9.800000
9.800000
9.560000
9.900000
9.780000
9.670000
9.640000
9.570000
9.400000
9.270000
9.350000
9.420000
9.300000
8.980000
8.940000
9.170000
8.920000
8.770000
9.040000
9.260000
9.260000
9.590000
9.760000
9.920000
10.040000
10.030000
9.780000
9.880000
9.860000
9.730000
9.970000
10.050000
9.900000
9.680000
9.960000
9.890000
9.800000
10.140000
10.200000
9.880000
9.840000
9.720000
9.450000
9.220000
8.830000
8.400000
8.290000
8.120000
8.520000
8.840000
9.040000
8.780000
8.580000
8.260000
8.020000
7.600000
6.850000
6.850000
6.910000
7.070000
7.130000
7.450000
7.390000
6.880000
7.070000
7.000000
6.610000
6.500000
6.720000
6.870000
7.060000
7.250000
7.120000
7.640000
7.410000
7.250000
7.450000
7.360000
7.100000
7.110000
6.960000
7.240000
7.000000
6.560000
6.470000
6.220000
6.330000
6.330000
6.640000
6.660000
7.120000
6.830000
6.960000
6.600000
6.550000
6.370000
6.380000
6.680000
6.470000
6.840000
6.970000
6.860000
6.700000
6.690000
6.770000
6.880000
6.990000
7.010000
7.340000
7.140000
6.900000
6.900000
6.860000
6.690000
6.700000
6.720000
6.800000
6.950000
6.970000
6.780000
6.760000
6.620000
6.520000
6.680000
6.600000
6.710000
6.720000
6.810000
6.950000
7.110000
7.170000
7.300000
7.320000
7.100000
7.260000
7.310000
7.670000
7.788100
7.750000
7.610000
7.760000
8.170000
8.390000
8.390000
8.660000
8.460100
8.500000
8.520000
8.510000
8.630000
8.320000
8.652000
8.840000
8.750000
9.190000
9.170000
9.090000
9.050000
9.090000
8.940000
9.080000
8.640000
8.940000
8.810000
8.940000
9.100000
8.980000
8.860000
8.900000
9.020000
9.030000
9.110000
9.040100
9.500000
9.450000
9.820000
9.540000
9.680000
9.630000
9.100000
8.890000
8.500000
8.780000
9.130000
9.218000
9.190000
9.000000
9.180000
9.080000
8.850000
9.070000
9.600000
9.900000
10.030000
9.900000
10.120000
10.130000
11.190000
13.410000
13.350000
13.350000
12.910000
12.900000
13.390000
13.050000
13.250000
13.190000
13.220000
13.340000
13.620000
14.185000
13.930000
14.290000
14.710000
14.420000
14.520000
14.200000
14.270000
14.350000
15.290000
17.000000
16.500000
16.830000
18.750000
18.360000
17.910000
17.890000
18.210000
18.100000
18.660000
18.590000
18.300000
18.370000
19.570000
19.940000
20.940000
21.020000
21.080000
20.600000
17.640000
18.190000
18.170000
17.920000
18.510000
19.060000
19.720000
19.630000
18.080000
17.600000
19.370000
17.820000
17.690000
18.100000
17.960000
18.000000
18.210000
17.760000
17.680000
16.380000
14.480000
15.410000
14.880000
14.050000
13.460000
14.370000
13.850000
14.360000
14.120000
14.590000
14.600000
14.750000
14.700000
14.910000
14.950000
15.040000
15.150000
15.350000
15.740000
15.890000
15.620000
15.750000
15.560000
14.610000
14.560000
14.550000
14.580000
14.270000
14.080000
14.330000
14.170000
13.880000
13.390000
13.920000
13.610000
13.590000
13.790000
13.120000
12.570000
11.710000
11.910000
12.230000
12.300000
11.830000
11.890000
12.020000
11.850000
11.100000
11.130000
11.170000
11.340000
11.200000
11.630000
12.450000
12.280000
12.570000
12.590000
11.760000
11.800000
11.540000
10.900000
10.180000
9.750000
9.950000
9.500000
9.170000
9.260000
8.600000
8.410000
8.590000
9.240000
9.980000
9.750000
9.710000
9.410000
9.160000
9.430000
10.140000
10.100000
10.160000
10.190000
10.030000
10.350000
10.240000
9.940000
10.310000
10.530000
10.250000
10.450000
10.370000
10.420000
10.610000
10.530000
10.740000
11.570000
11.330000
10.980000
10.750000
10.580000
10.510000
10.730000
10.640000
9.280000
8.520000
7.970000
8.900000
9.100000
9.590000
10.020000
10.500000
9.950000
10.260000
9.760000
9.540000
9.410000
9.640000
9.400000
9.340000
9.740000
10.030000
10.180000
10.490000
10.110000
9.910000
9.610000
10.030000
9.710000
9.550000
9.120000
8.870000
8.880000
8.850000
8.690000
8.270000
7.900000
7.340000
6.220000
5.960000
6.020000
6.140000
5.690000
5.500000
5.360000
5.180000
5.810000
6.450000
6.840000
6.600000
7.020000
7.200000
7.440000
7.360000
7.520000
7.270000
7.790000
7.190000
7.180000
7.240000
7.760000
7.870000
7.950000
8.650000
8.680000
8.210000
7.930000
8.320000
8.160000
8.230000
8.300000
8.300000
7.950000
7.830000
8.080000
8.000000
7.870000
7.570000
7.210000
6.960000
6.500000
6.350000
6.160000
6.310000
6.670000
6.820000
7.110000
6.950000
6.910000
6.870000
7.000000
7.340000
7.090000
7.230000
6.700000
6.260000
6.000000
6.050000
6.320000
5.910000
6.140000
6.170000
6.170000
6.060000
5.810000
5.640000
5.770000
6.040000
6.400000
6.450000
6.470000
6.370000
6.310000
6.310000
6.210000
6.410000
6.370000
6.540000
7.020000
7.200000
7.120000
7.030000
7.020000
7.410000
7.790000
7.830000
7.460000
7.440000
7.670000
8.000000
7.760000
7.650000
7.390000
7.510000
7.540000
7.410000
7.430000
7.330000
7.440000
7.440000
7.310000
7.440000
7.280000
7.210000
7.220000
6.940000
6.940000
6.910000
6.910000
6.750000
6.410000
6.030000
6.090000
6.080000
6.190000
6.060000
6.000000
5.870000
5.890000
6.000000
6.050000
6.000000
6.040000
5.800000
5.990000
6.030000
6.160000
5.990000
5.960000
6.080000
5.990000
5.970000
5.920000
6.040000
5.820000
5.890000
5.860000
6.000000
6.020000
5.770000
5.780000
5.560000
5.660000
5.800000
5.680000
5.470000
5.460000
5.550000
5.450000
5.640000
5.670000
5.430000
5.160000
5.090000
4.910000
4.650000
4.520000
4.360000
4.260000
4.120000
3.900000
3.790000
4.130000
3.860000
3.820000
2.560000
2.470000
2.460000
2.480000
2.690000
2.700000
2.630000
2.600000
2.400000
2.490000
2.610000
2.520000
2.450000
2.310000
2.320000
2.310000
2.270000
2.410000
2.400000
2.470000
2.420000
2.410000
2.420000
2.410000
2.340000
2.370000
2.330000
2.340000
2.450000
2.520000
2.800000
2.830000
2.870000
2.690000
2.550000
2.590000
2.580000
2.620000
2.620000
2.680000
2.650000
2.570000
2.460000
2.390000
2.370000
2.290000
2.410000
2.480000
2.370000
2.510000
2.520000
2.530000
2.540000
2.540000
2.480000
2.520000
2.510000
2.300000
2.310000
2.320000
2.390000
2.420000
2.420000
2.400000
2.300000
2.380000
2.390000
2.570000
2.930000
2.880000
2.800000
2.830000
3.520000
3.390000
3.580000
3.890000
3.700000
3.690000
3.550000
3.830000
4.020000
3.940000
4.400000
5.020000
4.890000
4.660000
4.770000
4.700000
4.640000
4.710000
4.580000
4.610000
4.480000
4.470000
4.550000
4.430000
4.310000
4.160000
3.970000
4.100000
3.960000
3.690000
3.840000
3.940000
3.800000
3.690000
3.820000
3.630000
3.640000
3.660000
3.660000
3.540000
3.590000
3.550000
3.800000
4.080000
3.760000
4.190000
3.960000
3.960000
3.870000
3.610000
3.430000
3.600000
3.660000
3.400000
3.520000
3.740000
3.690000
3.700000
3.650000
3.610000
3.490000
3.380000
3.530000
3.410000
3.380000
3.390000
3.530000
3.500000
3.430000
3.470000
3.440000
3.450000
3.530000
3.530000
3.480000
3.410000
3.360000
3.380000
3.300000
3.200000
3.160000
3.330000
3.310000
3.540000
3.980000
3.900000
3.900000
4.100000
3.950000
3.990000
4.020000
3.930000
3.970000
4.030000
3.880000
3.730000
3.860000
3.780000
3.720000
3.640000
3.640000
3.530000
3.610000
3.510000
3.550000
3.540000
3.600000
3.720000
3.720000
3.640000
3.500000
3.550000
3.500000
3.440000
3.320000
3.250000
3.210000
3.190000
3.250000
3.270000
3.170000
3.100000
2.680000
2.850000
2.790000
2.870000
2.940000
3.080000
3.400000
3.150000
3.180000
3.410000
3.370000
3.240000
3.250000
3.280000
3.260000
3.300000
3.270000
3.330000
3.170000
3.100000
3.060000
2.990000
2.910000
2.890000
2.910000
2.830000
2.820000
2.840000
2.700000
2.540000
2.500000
2.350000
2.300000
2.400000
2.370000
2.390000
2.560000
2.710000
2.660000
2.600000
2.620000
2.460000
2.500000
2.560000
2.530000
2.420000
2.420000
2.400000
2.390000
2.360000
2.300000
2.260000
2.330000
2.250000
2.400000
2.310000
2.310000
2.220000
2.300000
2.280000
2.470000
2.800000
2.620000
2.530000
2.520000
2.610000
2.590000
2.520000
2.520000
2.420000
2.430000
2.430000
2.430000
2.380000
2.340000
2.370000
2.200000
2.210000
2.060000
1.970000
1.940000
2.070000
2.090000
2.100000
2.040000
2.020000
2.000000
2.030000
2.050000
2.070000
2.250000
2.280000
2.360000
2.350000
2.350000
2.300000
2.450000
2.590000
2.650000
2.550000
2.510000
2.470000
2.520000
2.420000
2.320000
2.300000
2.160000
2.270000
2.110000
2.000000
2.080000
2.040000
2.160000
2.100000
2.190000
2.170000
2.100000
2.180000
2.160000
2.040000
2.060000
2.120000
2.150000
2.090000
2.080000
2.050000
2.010000
2.090000
2.210000
2.110000
2.180000
2.330000
2.280000
2.280000
2.220000
2.220000
1.490000
1.500000
1.530000
1.500000
1.380000
1.340000
1.350000
1.390000
1.440000
1.450000
1.460000
1.640000
1.770000
1.660000
1.610000
1.550000
1.470000
1.470000
1.470000
1.430000
1.430000
1.440000
1.430000
1.480000
1.470000
1.430000
1.490000
1.490000
1.570000
1.500000
1.440000
1.430000
1.390000
1.350000
1.350000
1.340000
1.360000
1.390000
1.350000
1.340000
1.350000
1.340000
1.320000
1.300000
1.230000
1.260000
1.210000
1.100000
1.130000
1.100000
1.110000
1.150000
1.150000
1.180000
1.130000
1.120000
1.110000
1.140000
1.130000
1.120000
1.130000
1.090000
1.030000
1.140000
1.230000
1.270000
1.300000
1.360000
1.630000
1.340000
1.330000
1.200000
1.220000
1.260000
1.280000
1.350000
1.430000
1.380000
1.330000
1.330000
1.310000
1.340000
1.400000
1.400000
1.380000
1.390000
1.390000
1.380000
1.380000
1.370000
1.380000
1.370000
1.390000
1.410000
1.380000
1.350000
1.300000
1.300000
1.290000
1.280000
1.270000
1.350000
1.390000
1.390000
1.400000
1.450000
1.640000
1.620000
1.610000
1.510000
1.540000
1.495000
1.490000
1.490000
1.000000
0.837600
0.979000
0.992700
0.971900
0.953300
0.950000
0.913000
0.937500
0.977400
0.980000
0.974400
0.950200
0.920000
0.929900
1.100000
0.969000
1.000000
0.964500
0.971000
0.970000
0.980000
0.998900
0.990000
0.951000
0.950000
0.878000
0.896900
0.870000
0.827300
0.830000
0.769500
0.768700
0.780000
0.849900
0.830000
0.840000
0.850000
0.815100
0.800000
0.793800
0.778900
0.770000
0.750000
0.685500
0.680000
0.668000
0.650000
0.650000
0.610000
0.624000
0.649000
0.672600
0.699900
0.727600
0.790000
0.780000
0.790000
0.830000
0.810000
0.780000
0.780000
0.740000
0.730000
0.730000
0.730000
0.759500
0.720200
0.720000
0.800000
0.780000
0.740000
0.745000
0.780000
0.777700
0.789700
0.810000
0.834900
0.910000
0.884400
0.810000
0.832100
0.830000
0.810000
0.837000
0.850000
0.850000
0.855000
0.853600
0.859900
0.866500
0.830000
0.847700
0.839900
0.831200
0.840000
0.840000
0.780000
0.784300
0.799900
0.790000
0.830000
0.840000
0.828700
0.822200
0.830000
0.870000
0.850000
0.815500
0.790000
0.781900
0.770000
0.780000
0.761000
0.750000
0.760000
0.759500
0.730000
0.739800
0.745000
0.740000
0.705000
0.699900
0.680000
0.670000
0.667000
0.665000
0.671000
0.689500
0.680000
0.680600
0.680000
0.670000
0.670000
0.630000
0.670000
0.660100
0.633000
0.605000
0.617800
0.618000
0.520000
0.540000
0.565000
0.597000
0.600100
0.590100
0.540100
0.546700
0.520000
0.480200
0.484000
0.485100
0.440000
0.405200
0.403500
0.343000
0.400000
0.368200
0.395100
0.419800
0.431000
0.435000
0.430200
0.429900
0.423800
0.391800
0.410100
0.404500
0.384000
0.388900
0.384500
0.380000
0.374600
0.375800
0.370400
0.399800
0.395700
0.439900
0.451600
0.460000
0.451900
0.448300
0.415000
0.410000
0.400000
0.396200
0.389200
0.389900
0.420000
0.405300
0.392000
0.380800
0.370000
0.409900
0.399700
0.390400
0.391200
0.400000
0.389900
0.379600
0.365000
0.365300
0.364100
0.377500
0.480000
0.450000
0.450000
0.451000
0.431700
0.429000
0.414000
0.405500
0.401700
0.435000
0.437800
0.420300
0.430200
0.420700
0.420000
0.413000
0.401000
0.410000
0.395000
0.413100
0.420000
0.410000
0.410000
0.430000
0.440000
0.439500
0.449400
0.440000
0.449700
0.440000
0.450000
0.641300
0.584900
0.589800
0.566600
0.550000
0.560000
0.548000
0.520000
0.579200
0.550000
0.549900
0.560000
0.520000
0.530000
0.520000
0.501000
0.459300
0.466000
0.451300
0.447400
0.440000
0.416900
0.418000
0.400000
0.429900
0.430000
0.425000
0.406000
0.380100
0.377500
0.381900
0.380000
0.371400
0.385000
0.400000
0.374000
0.373100
0.385100
0.404500
0.382100
0.428800
0.402700
0.394800
0.382400
0.385000
0.380000
0.375000
0.385000
0.380000
0.371900
0.370000
0.371000
0.369000
0.390000
0.390000
0.385000
0.382000
0.388200
0.410000
0.395000
0.398100
0.405000
0.404000
0.400000
0.405000
0.405000
0.400200
0.400000
0.420000
0.430000
0.408900
0.397900
0.395000
0.391000
0.389400
0.323600
0.354100
0.348800
0.373900
0.379400
0.361000
0.368200
0.372600
0.380000
0.383000
0.388600
0.390000
0.382900
0.390000
0.410000
0.420000
0.381000
0.350000
0.300000
0.343000
0.320200
0.350000
0.336800
0.356000
0.348100
0.340000
0.360200
0.330000
0.323900
0.340100
0.354500
0.360000
0.354700
0.353300
0.340000
0.328100
0.320000
0.348000
0.327100
0.338000
0.318100
0.305000
0.330000
0.315300
0.290000
0.332300
0.340000
0.317500
0.325000
0.341000
0.310100
0.308900
0.330000
0.350000
0.345000
0.325100
0.301400
0.311300
0.310000
0.323000
0.310000
0.328800
0.308400
0.300000
0.309000
0.300000
0.326000
0.351600
0.500000
0.400000
0.380000
0.390000
0.398300
0.398500
0.410000
0.419800
0.426700
0.412300
0.409500
0.405000
0.393700
0.395000
0.390300
0.381700
0.381700
0.365000
0.357600
0.354700
0.333700
0.310000
0.310900
0.325000
0.326000
0.368000
0.416200
0.420000
0.429200
0.395000
0.389200
0.385100
0.408700
0.363200
0.357100
0.360000
0.340300
0.340300
0.410000
0.421700
0.425500
0.439000
0.425000
0.440000
0.430000
0.410000
0.395000
0.377000
0.368000
0.350000
0.350000
0.342200
0.333000
0.332100
0.310100
0.300000
0.300000
0.310000
0.290000
0.298300
0.300100
0.307300
0.305500
0.315000
0.293000
0.304900
0.300000
0.315900
0.300000
0.300000
0.300100
0.293300
0.290000
0.285000
0.285700
0.300000
0.280200
0.287000
0.287000
0.287000
0.288100
0.291900
0.280500
0.301000
0.290200
0.306000
0.315000
0.296200
0.286100
0.282200
0.282100
0.280600
0.290300
0.287400
0.250000
0.240000
0.223300
0.207900
0.226700
0.220100
0.250200
0.267900
0.267900
0.265100
0.277000
0.275000
0.260100
0.276100
0.280000
0.283800
0.294400
0.291200
0.290900
0.340000
0.330000
0.345000
0.351800
0.370000
0.360500
0.356900
0.355000
0.365000
0.364800
0.346700
0.350200
0.348100
0.330000
0.339000
0.341000
0.340100
0.342400
0.346600
0.375300
0.382300
0.380000
0.320000
0.337000
0.354700
0.360000
0.354900
0.347800
0.310000
0.347500
0.330000
0.320100
0.331100
0.321300
0.344700
0.310000
0.309000
0.322400
0.295000
0.339900
0.310600
0.325000
0.350000
0.348700
0.362900
0.390000
0.390000
0.400000
0.430000
0.435000
0.441900
0.444300
0.420000
0.400900
0.430800
0.448000
0.417200
0.388200
0.370000
0.380000
0.345800
0.344900
0.350000
0.358900
0.358100
0.340000
0.347500
0.331200
0.345500
0.345100
0.380000
0.342400
0.345200
0.343100
0.324700
0.320000
0.316000
0.314000
0.360000
0.363600
0.354900
0.352900
0.362300
0.327700
0.332200
0.329300
0.340000
0.345000
0.334000
0.325800
0.313000
0.311700
0.313500
0.300500
0.298900
0.308600
0.310100
0.311800
0.339000
0.348300
0.343800
0.338900
0.423000
0.540000
0.471100
0.453700
0.525000
0.503800
0.490000
0.467000
0.440200
0.460000
0.440900
0.440000
0.454100
0.472600
0.517100
0.544000
0.635000
0.598400
0.652500
0.679000
0.695700
0.766000
0.710000
0.735000
0.716900
0.849800
0.940000
1.040000
0.960000
0.947900
0.886000
0.788500
0.852000
0.776900
0.796400
0.780000
0.760000
0.739900
0.691100
0.740000
0.787900
0.850900
0.829100
0.840000
0.793700
0.796400
0.780000
0.782500
0.752000
0.741100
0.740000
0.750000
0.830000
0.805000
0.794900
0.764000
0.725600
0.748300
0.709200
0.710000
0.695000
0.640000
0.639000
0.580100
0.615700
0.659900
0.600700
0.582100
0.607900
0.620000
0.600000
0.684900
0.692000
0.700000
0.692000
0.742100
0.749500
0.734800
0.725000
0.849900
0.837400
0.853500
0.843200
0.770000
0.733200
0.746800
0.753000
0.925000
0.889000
0.887700
0.894700
1.240000
1.320000
1.220000
1.360000
1.310000
1.290000
1.290000
1.260000
1.230000
1.230000
1.200000
1.190000
1.450000
1.480000
1.420000
1.520000
1.910000
1.750000
1.670000
1.670000
1.650000
1.620000
1.590000
1.750000
1.780000
1.720000
1.720000
1.890000
2.460000
2.170000
2.220000
2.070000
1.940000
1.880000
2.050000
1.920000
2.040000
2.080000
2.110000
2.090000
2.280000
2.500000
2.530000
2.460000
2.630000
2.960000
3.320000
3.110000
2.950000
3.000000
2.990000
2.900000
3.040000
2.970000
2.930000
3.010000
2.960000
3.050000
3.040000
3.360000
3.180000
2.500000
2.540000
2.260000
2.260000
1.660000
1.390000
1.650000
1.550000
1.580000
1.540000
1.600000
1.480000
1.440000
1.400000
1.190000
1.320000
1.230000
1.190000
1.200000
1.080000
1.260000
1.230000
1.350000
1.570000
1.420000
1.400000
1.350000
1.340000
1.430000
1.380000
1.440000
1.420000
1.430000
1.410000
1.340000
1.230000
1.240000
1.270000
1.390000
1.380000
1.820000
1.640000
1.540000
1.520000
1.440000
1.490000
1.510000
1.490000
1.500000
1.650000
1.530000
1.600000
1.570000
1.610000
1.510000
1.470000
1.600000
1.830000
2.080000
2.040000
2.170000
1.860000
1.830000
1.810000
1.790000
1.730000
1.770000
1.800000
1.740000
1.660000
1.660000
1.730000
1.650000
1.550000
1.510000
1.530000
1.790000
1.680000
1.680000
1.730000
1.650000
1.690000
1.700000
1.610000
1.520000
1.630000
1.610000
1.550000
1.560000
1.540000
1.480000
1.430000
1.360000
1.460000
1.400000
1.390000
1.380000
1.350000
1.250000
1.260000
1.350000
1.460000
1.440000
1.400000
1.490000
1.460000
1.400000
1.430000
1.390000
1.360000
1.390000
1.430000
1.430000
1.390000
1.440000
1.410000
1.430000
1.420000
1.420000
1.410000
1.390000
1.420000
1.390000
1.380000
1.400000
1.420000
1.390000
1.490000
1.560000
1.460000
1.470000
1.630000
1.620000
1.750000
1.780000
1.760000
1.680000
1.700000
1.790000
1.810000
1.790000
1.800000
1.820000
1.820000
1.800000
1.810000
1.800000
1.840000
1.820000
1.830000
1.900000
1.950000
1.880000
1.880000
1.740000
1.880000
1.850000
1.820000
1.800000
1.740000
1.720000
1.740000
1.770000
1.930000
1.940000
1.880000
2.030000
2.170000
2.120000
2.050000
1.990000
2.090000
2.030000
2.050000
1.970000
1.910000
1.890000
1.880000
1.990000
2.020000
1.980000
1.960000
1.920000
1.930000
2.050000
2.010000
2.180000
2.140000
2.130000
2.290000
2.170000
2.190000
2.220000
2.120000
2.110000
2.100000
2.060000
2.070000
1.980000
1.970000
1.910000
1.970000
2.040000
1.980000
1.940000
1.910000
1.880000
1.930000
2.010000
1.980000
2.010000
2.130000
2.160000
1.910000
1.800000
1.720000
1.830000
1.840000
1.830000
1.830000
1.820000
1.770000
1.850000
1.770000
1.760000
1.760000
1.780000
1.740000
1.680000
1.660000
1.680000
1.690000
1.690000
1.710000
1.710000
1.630000
1.560000
1.600000
1.510000
1.530000
1.200000
1.160000
0.990000
0.935000
0.859100
1.030000
1.040000
1.180000
1.110000
1.050000
1.120000
1.090000
1.100000
1.110000
1.070000
1.080000
1.070000
1.060000
1.090000
1.100000
1.060000
1.070000
1.040000
0.950000
0.920000
0.957000
0.932600
0.924700
0.940000
0.934000
0.920000
0.920900
0.914700
0.876200
0.885100
0.835500
0.892300
0.934300
0.910000
0.890200
0.901100
0.901300
0.906000
0.875000
0.890000
0.904500
0.897300
0.872700
0.840000
0.864800
0.864300
0.879200
0.890000
0.872300
0.905000
0.965000
0.970000
0.979000
0.934000
0.944600
0.882000
0.869300
0.853800
0.878700
0.836000
0.856000
0.850000
0.888100
0.875000
0.830000
0.845600
0.838500
0.820700
0.783700
0.770000
0.711500
0.680000
0.670100
0.713900
0.730000
0.710000
0.704700
0.470100
0.455000
0.480000
0.475000
0.490000
0.480000
0.650000
0.617200
0.563000
0.593000
0.581200
0.559600
0.540000
0.527100
0.516200
0.512500
0.490000
0.506100
0.507900
0.550000
0.520000
0.517100
0.540000
0.549800
0.541600
0.530000
0.525000
0.554000
0.523000
0.520500
0.510500
0.508800
0.514700
0.509800
0.497800
0.504400
0.501200
0.492800
0.510500
0.500000
0.498500
0.496000
0.540000
0.560000
0.619100
0.607000
0.584000
0.580000
0.567000
0.585400
0.600000
0.570000
0.576800
0.561900
0.553600
0.530100
0.505000
0.498500
0.499000
0.514000
0.517200
0.545800
0.534900
0.539600
0.549000
0.566000
0.577900
0.588900
0.584000
0.585000
0.585000
0.553000
0.554000
0.542500
0.532200
0.523100
0.530000
0.528000
0.535800
0.525000
0.530000
0.530000
0.540000
0.548400
0.545200
0.558900
0.544100
0.560000
0.555000
0.559000
0.558100
0.555300
0.552900
0.545200
0.550000
0.511700
0.510000
0.529800
0.547500
0.542500
0.525000
0.527500
0.520000
0.524000
0.507200
0.495100
0.497200
0.473000
0.470000
0.463000
0.488800
0.485000
0.487200
0.510000
0.558600
0.713900
0.660000
0.660000
0.684700
0.680000
0.659100
0.667600
0.680000
0.685900
0.761100
0.779900
0.734900
0.764600
0.748000
0.750000
0.757000
0.760000
0.716000
0.701100
0.682500
0.680000
0.668900
0.640000
0.630000
0.601700
0.606100
0.581900
0.580000
0.584900
0.570000
0.530000
0.515000
0.584000
0.560100
0.579900
0.569200
0.592400
0.594000
0.660100
0.679400
0.665000
0.651000
0.645000
0.649000
0.655000
0.697300
0.692000
0.730000
0.720000
0.711100
0.716400
0.705000
0.709100
0.749500
0.752600
0.770000
0.780000
0.792700
0.840000
0.890000
1.050000
1.020000
0.956300
1.019400
0.960000
0.961500
0.970100
0.950000
0.883900
1.000000
0.927100
0.958300
0.970000
1.000000
0.980000
0.920000
0.900500
0.887200
0.852300
0.817800
0.761000
0.762500
0.750000
0.741900
0.712800
0.660100
0.662100
0.680000
0.680000
0.683800
0.672900
0.650400
0.663000
0.658100
0.625500
0.612100
0.602000
0.587000
0.591000
0.646800
0.632300
0.625500
0.614000
0.599600
0.602000
0.595100
0.591500
0.560000
0.585100
0.590700
0.565400
0.563900
0.555000
0.547700
0.542800
0.539100
0.529600
0.539000
0.523400
0.507800
0.485500
0.490000
0.470100
0.450000
0.422500
0.489000
0.458800
0.459900
0.457700
0.470900
0.546200
0.551900
0.518200
0.515100
0.495000
0.494700
0.471000
0.465000
0.450000
0.442200
0.458900
0.467700
0.480000
0.480000
0.468700
0.475000
0.474000
0.495000
0.493000
0.500000
0.516000
0.499200
0.450300
0.450300
0.456500
0.473600
0.470100
0.595700
0.570000
0.602000
0.630600
0.571200
0.580800
0.558100
0.543000
0.513400
0.501900
0.497700
0.469900
0.478400
0.469900
0.461900
0.514900
0.506100
0.597300
0.597500
0.606400
0.574400
0.580000
0.552900
0.914000
0.803800
0.822500
0.802700
0.832300
0.828000
0.923000
0.857500
0.800100
0.753200
0.690200
0.673000
0.667800
0.690800
0.706200
0.729300
0.690400
0.661000
0.631000
0.615300
0.599300
0.663500
0.650000
0.651800
0.650000
0.700000
0.636900
0.645100
0.619900
0.630000
0.629000
0.618900
0.620000
0.630000
0.630000
0.620000
0.635000
0.645900
0.665000
0.634900
0.627800
0.624100
0.610000
0.587500
0.567200
0.562900
0.560600
0.591900
0.558700
0.535000
0.530000
0.515200
0.529900
0.522300
0.510000
0.522000
0.564000
0.567300
0.549800
0.561000
0.559000
0.550000
0.573100
0.573700
0.569600
0.590000
0.570300
0.580000
0.630800
0.628200
0.630200
0.568800
0.578000
0.577300
0.570000
0.573700
0.556300
0.563700
0.550000
0.529800
0.531900
0.520000
0.530000
0.523000
0.522400
0.526100
0.552100
0.527000
0.525000
0.525800
0.526700
0.520000
0.504100
0.505800
0.510000
0.510500
0.380000
0.398700
0.407800
0.399000
0.392800
0.399500
0.389800
0.402100
0.419900
0.409600
0.409300
0.428000
0.465000
0.460000
0.457700
0.430600
0.415000
0.404000
0.417200
0.408300
0.405000
0.406000
0.410000
0.415400
0.412000
0.412700
0.452800
0.450000
0.448600
0.444100
0.449000
0.440000
0.429800
0.428400
0.428100
0.430000
0.433800
0.438000
0.469000
0.465700
0.521000
0.654000
0.575100
0.643000
0.647300
0.614600
0.645000
0.640000
0.589800
0.577900
0.565000
0.539800
0.583000
0.588000
0.587600
0.575100
0.546000
0.480000
0.490000
0.434000
0.411400
0.433000
0.396500
0.401400
0.363800
0.372200
0.359600
0.363400
0.410000
0.410200
0.430000
0.410000
0.401500
0.385000
0.385000
0.395700
0.390000
0.400000
0.400800
0.465000
0.504200
0.569000
0.534400
0.520100
0.530000
0.519900
0.555000
0.536700
0.583100
0.576000
0.597000
0.608700
0.604200
0.593500
0.576400
0.569000
0.595000
0.663000
0.707000
0.840000
0.830000
0.809000
0.779000
0.749000
0.776000
0.879400
0.940100
0.919000
0.907000
0.896800
0.919100
0.950000
0.926400
1.150000
1.300000
1.300000
1.200000
1.160000
1.300000
1.240000
1.260000
1.370000
1.390000
1.330000
1.340000
1.470000
1.410000
1.460000
1.430000
1.470000
1.490000
1.470000
1.480000
1.450000
1.460000
1.430000
1.430000
1.460000
1.450000
1.670000
1.760000
1.770000
1.740000
1.500000
1.500000
1.420000
1.420000
1.500000
1.690000
1.960000
