18.630000
18.500000
18.560000
18.500000
18.500000
18.500000
18.500000
18.750000
18.500000
18.500000
18.500000
18.500000
18.500000
18.500000
18.500000
18.560000
18.690000
18.500000
18.500000
18.630000
18.500000
18.440000
18.380000
18.630000
18.250000
18.250000
18.060000
18.190000
18.250000
18.000000
17.750000
17.750000
17.810000
17.750000
17.000000
17.000000
16.500000
16.500000
16.690000
16.750000
16.630000
16.500000
16.500000
16.500000
16.380000
16.380000
16.380000
16.380000
16.380000
16.380000
16.380000
16.380000
16.380000
16.380000
16.380000
16.380000
16.380000
16.380000
16.250000
16.130000
16.130000
16.130000
16.130000
16.060000
15.810000
15.810000
15.750000
15.810000
15.750000
15.630000
15.630000
15.630000
15.130000
15.000000
14.880000
14.630000
14.560000
13.810000
13.560000
13.190000
13.000000
13.130000
13.130000
13.500000
13.380000
13.190000
13.500000
13.250000
13.880000
13.130000
13.130000
13.000000
13.000000
13.000000
13.500000
13.500000
13.310000
13.750000
14.000000
13.750000
14.000000
14.380000
14.440000
14.310000
14.310000
14.060000
13.750000
13.750000
13.560000
13.750000
13.750000
13.690000
13.690000
13.690000
13.750000
13.750000
13.500000
13.380000
14.000000
14.000000
14.000000
14.190000
13.880000
14.130000
13.940000
14.250000
14.500000
14.130000
14.500000
14.750000
14.560000
14.380000
14.440000
14.500000
14.380000
14.560000
15.000000
14.630000
14.630000
14.690000
14.810000
15.000000
14.810000
14.630000
14.750000
14.630000
14.500000
14.560000
15.130000
14.940000
15.000000
15.000000
14.880000
14.630000
14.940000
14.940000
14.880000
14.690000
14.880000
14.500000
14.560000
14.750000
14.440000
14.310000
14.380000
14.380000
14.250000
14.000000
13.940000
14.060000
14.060000
14.060000
14.130000
14.250000
14.380000
14.380000
14.500000
14.500000
14.750000
14.750000
14.880000
14.880000
14.940000
15.130000
15.130000
15.060000
15.160000
15.250000
15.310000
15.560000
15.750000
15.750000
16.130000
16.560000
17.630000
17.250000
17.380000
17.380000
17.370000
18.000000
17.500000
17.380000
17.500000
17.380000
17.440000
17.440000
17.750000
17.380000
17.750000
17.880000
17.880000
18.000000
18.000000
18.000000
17.500000
17.750000
17.750000
17.750000
18.130000
18.060000
18.500000
18.880000
18.750000
18.880000
18.630000
18.880000
19.000000
18.750000
18.810000
18.810000
18.810000
18.940000
18.940000
18.880000
19.130000
18.750000
19.060000
18.250000
18.500000
18.500000
18.130000
18.130000
17.190000
17.310000
17.310000
17.310000
17.310000
17.750000
17.380000
17.380000
18.000000
18.380000
18.630000
18.630000
18.630000
18.630000
18.630000
18.630000
18.630000
18.690000
18.500000
18.500000
18.380000
18.380000
18.380000
18.380000
18.630000
18.500000
18.500000
18.500000
18.500000
18.250000
18.380000
18.750000
18.630000
18.500000
18.750000
18.560000
18.630000
19.560000
19.000000
19.380000
19.130000
19.380000
19.130000
19.190000
19.190000
19.250000
20.380000
19.750000
20.380000
20.500000
20.750000
20.750000
20.250000
19.250000
20.500000
19.310000
19.750000
19.630000
19.630000
19.130000
19.940000
19.310000
19.250000
19.250000
19.000000
19.000000
19.000000
19.000000
19.000000
19.440000
19.690000
19.310000
19.940000
19.750000
20.000000
20.130000
20.140000
20.130000
20.120000
20.130000
20.130000
20.190000
20.750000
21.630000
21.500000
20.500000
20.500000
20.250000
20.310000
20.380000
20.060000
20.130000
20.130000
20.120000
20.060000
20.380000
20.380000
20.130000
20.130000
20.130000
20.000000
20.000000
19.750000
19.750000
19.630000
19.500000
18.690000
18.750000
18.000000
17.250000
18.500000
20.190000
20.250000
20.250000
21.310000
19.750000
19.880000
19.750000
19.750000
19.560000
19.250000
19.000000
19.120000
18.850000
18.750000
18.750000
18.560000
18.560000
19.100000
19.750000
19.690000
19.250000
20.650000
20.400000
20.500000
20.600000
21.100000
21.350000
21.350000
21.350000
21.450000
21.390000
21.500000
21.400000
21.520000
22.800000
22.230000
22.490000
22.720000
22.500000
22.800000
22.300000
22.740000
22.400000
22.730000
22.730000
22.400000
22.400000
22.430000
22.650000
22.650000
22.720000
22.670000
22.800000
22.800000
22.700000
22.950000
22.790000
23.060000
23.100000
23.300000
23.350000
23.140000
23.100000
23.300000
23.300000
23.450000
23.260000
23.000000
23.000000
23.000000
22.800000
22.410000
22.250000
22.000000
22.000000
22.410000
21.950000
22.600000
24.250000
24.490000
24.200000
24.250000
23.990000
23.950000
24.510000
24.500000
24.560000
24.600000
25.610000
25.610000
25.500000
25.310000
25.000000
25.350000
25.350000
25.150000
25.800000
25.350000
25.350000
25.000000
25.080000
25.000000
25.290000
24.600000
24.710000
24.100000
23.510000
23.400000
22.260000
22.950000
22.950000
22.950000
22.950000
22.950000
23.000000
23.000000
22.250000
22.600000
22.450000
22.610000
22.960000
22.600000
22.700000
23.250000
23.310000
23.750000
24.200000
24.200000
23.950000
23.900000
23.250000
23.250000
23.060000
23.000000
23.150000
22.550000
22.740000
22.970000
22.970000
22.260000
22.400000
22.400000
22.400000
22.310000
21.950000
21.700000
22.000000
21.750000
21.800000
21.800000
22.000000
22.060000
22.930000
23.060000
23.190000
23.510000
24.020000
24.700000
24.950000
24.780000
25.000000
25.100000
25.100000
25.100000
25.100000
25.340000
25.640000
25.600000
25.590000
25.400000
25.410000
25.380000
25.360000
25.400000
25.490000
25.320000
25.310000
25.450000
25.900000
25.900000
25.550000
25.500000
25.400000
25.450000
25.500000
25.500000
25.600000
25.850000
25.850000
26.000000
25.900000
25.990000
26.000000
25.940000
25.940000
26.150000
26.180000
26.200000
26.200000
26.200000
26.300000
26.990000
26.990000
27.000000
26.950000
27.190000
26.950000
26.800000
26.700000
26.610000
26.910000
27.000000
26.860000
26.650000
26.280000
26.680000
27.000000
26.600000
26.990000
26.800000
26.800000
26.800000
26.800000
27.000000
26.900000
26.900000
26.900000
27.000000
26.530000
27.050000
27.050000
27.250000
27.460000
27.490000
27.490000
27.390000
27.250000
27.450000
27.500000
28.150000
27.700000
27.900000
28.000000
27.980000
28.530000
28.650000
28.020000
28.200000
29.250000
29.590000
29.400000
31.250000
31.840000
32.250000
32.940000
32.550000
31.850000
33.050000
32.250000
33.050000
33.050000
33.000000
33.050000
32.300000
32.220000
32.200000
33.050000
33.050000
33.000000
30.190000
30.700000
31.000000
30.950000
31.230000
31.010000
31.250000
31.950000
31.270000
30.850000
30.920000
30.690000
30.850000
31.560000
31.000000
31.000000
31.000000
30.950000
30.950000
31.010000
31.200000
32.190000
31.950000
32.200000
32.270000
33.800000
33.230000
33.050000
33.080000
33.250000
33.050000
33.050000
33.030000
32.950000
33.200000
33.390000
33.070000
33.130000
33.140000
33.150000
33.150000
33.300000
33.530000
33.530000
33.600000
34.240000
33.720000
33.700000
33.280000
33.550000
33.190000
33.190000
33.250000
33.450000
22.590000
21.920000
21.900000
21.760000
21.300000
21.250000
20.500000
21.250000
21.390000
21.750000
21.750000
22.310000
22.550000
22.840000
22.750000
22.700000
23.000000
22.400000
23.000000
22.400000
21.550000
22.000000
21.700000
22.000000
22.000000
22.200000
22.500000
22.720000
23.020000
23.160000
23.200000
23.600000
23.700000
23.710000
23.250000
23.170000
23.170000
22.990000
22.950000
23.000000
23.000000
23.030000
23.860000
24.450000
24.780000
24.940000
24.940000
24.760000
24.750000
24.140000
24.000000
23.460000
24.350000
24.020000
23.500000
23.510000
23.400000
23.150000
23.300000
23.400000
23.360000
22.900000
22.260000
23.040000
23.580000
23.150000
24.190000
24.350000
24.700000
25.510000
25.780000
25.830000
26.000000
25.970000
26.080000
24.890000
24.890000
25.120000
25.120000
25.370000
25.690000
26.040000
25.950000
26.040000
26.150000
26.380000
26.550000
26.480000
26.800000
26.800000
26.800000
26.540000
26.150000
26.390000
26.220000
26.230000
26.350000
26.300000
26.300000
26.300000
26.480000
26.480000
26.400000
26.610000
26.250000
26.250000
26.360000
26.390000
26.310000
26.330000
26.640000
26.510000
26.680000
26.690000
26.600000
26.750000
26.460000
26.380000
26.480000
26.450000
26.770000
27.010000
27.100000
27.320000
27.650000
27.390000
28.000000
27.410000
27.000000
27.100000
27.480000
28.000000
27.770000
27.680000
28.020000
27.950000
27.940000
27.940000
27.730000
27.860000
27.990000
28.030000
28.020000
27.840000
27.800000
27.880000
28.000000
27.750000
27.890000
27.750000
27.980000
27.960000
28.000000
28.010000
28.250000
28.500000
28.400000
28.530000
28.380000
28.460000
28.380000
28.460000
28.340000
28.030000
27.840000
28.110000
28.060000
28.750000
28.690000
28.810000
28.220000
28.100000
28.000000
28.020000
28.250000
28.740000
27.990000
27.970000
28.220000
28.350000
28.170000
28.300000
28.340000
28.250000
28.010000
28.101000
28.400000
28.180000
28.400000
28.260000
28.399000
28.400000
28.400000
28.150000
28.060000
28.480000
28.620000
28.650000
29.100000
28.910000
29.240000
29.500000
30.000000
30.180000
30.500000
30.600000
31.500000
31.500000
31.280000
31.500000
31.220000
30.790000
30.600000
30.680000
30.510000
30.520000
30.260000
30.480000
30.200000
30.290000
30.650000
30.460000
29.950000
30.220000
30.130000
29.950000
29.950000
29.880000
29.900000
30.140000
30.140000
30.450000
30.250000
30.540000
30.380000
30.500000
30.190000
29.870000
29.650000
29.790000
29.580000
29.820000
29.340000
29.400000
29.340000
29.420000
29.490000
29.590000
30.000000
30.350000
30.410000
30.480000
30.280000
30.300000
30.100000
29.950000
30.120000
30.400000
30.430000
30.240000
30.350000
30.040000
30.280000
30.500000
30.490000
30.240000
30.050000
30.000000
30.400000
30.410000
30.240000
30.440000
30.500000
30.500000
30.500000
30.500000
30.500000
30.500000
30.490000
30.550000
30.000000
30.020000
30.550000
30.360000
30.300000
30.300000
30.590000
30.570000
30.550000
30.230000
30.500000
30.040000
29.920000
30.410000
30.250000
30.500000
30.500000
30.330000
30.400000
30.330000
30.300000
30.260000
30.350000
30.050000
30.040000
30.120000
30.020000
30.350000
30.400000
30.490000
30.340000
30.411000
30.400000
30.210000
30.610000
31.000000
31.940000
31.520000
31.950000
31.120000
30.540000
30.160000
30.090000
30.080000
30.080000
30.430000
30.500000
31.230000
31.710000
31.760000
32.000000
31.990000
31.830000
31.990000
31.930000
31.710000
31.710000
32.250000
32.360000
32.100000
32.120000
31.240000
31.320000
31.500000
31.850000
32.850000
33.490000
33.499000
33.510000
33.620000
34.120000
34.070000
33.610000
34.100000
34.250000
34.540000
34.250000
35.000000
36.340000
36.650000
36.020000
35.110000
34.250000
35.750000
37.012000
37.000000
36.840000
37.050000
37.920000
37.620000
36.270000
36.310000
35.940000
35.950000
35.869000
35.610000
35.010000
34.620000
34.550000
34.110000
34.500000
34.530000
35.000000
35.220000
35.030000
35.730000
34.750000
34.900000
34.920000
34.600000
34.550000
35.210000
23.480000
22.750000
22.750000
23.250000
23.030000
23.530000
23.310000
23.210000
23.210000
23.420000
23.400000
23.500000
23.200000
23.210000
23.220000
23.480000
24.890000
24.780000
24.760000
23.750000
23.300000
24.500000
24.590000
24.890000
24.510000
24.550000
24.750000
25.440000
25.000000
25.090000
25.000000
24.590000
24.540000
24.500000
24.830000
24.420000
24.590000
25.250000
24.780000
24.650000
25.980000
25.580000
25.750000
25.900000
25.770000
25.190000
25.470000
24.960000
24.980000
24.850000
24.710000
24.340000
24.500000
24.490000
24.260000
24.320000
24.800000
25.150000
24.760000
23.970000
23.800000
23.700000
23.940000
23.990000
23.900000
23.890000
23.870000
23.950000
24.490000
24.470000
24.990000
24.910000
24.930000
24.880000
24.220000
23.990000
25.000000
24.990000
24.710000
24.990000
24.980000
24.800000
25.000000
24.950000
25.000000
24.120000
24.320000
24.230000
24.050000
24.940000
23.840000
24.040000
24.120000
23.760000
23.600000
24.270000
24.050000
23.550000
24.410000
24.550000
24.330000
23.500000
23.650000
22.890000
22.780000
23.250000
23.400000
23.550000
23.980000
22.930000
23.210000
23.190000
23.010000
23.000000
23.160000
23.400000
23.000000
23.000000
23.000000
23.500000
23.940000
23.850000
23.350000
23.010000
23.000000
23.050000
23.610000
23.000000
23.000000
23.000000
23.480000
23.330000
23.000000
23.010000
23.050000
23.450000
23.990000
23.130000
24.000000
23.570000
23.260000
23.180000
23.300000
23.340000
23.360000
23.800000
23.550000
24.040000
25.020000
24.720000
24.670000
25.330000
25.860000
26.060000
26.380000
26.300000
26.680000
26.530000
27.190000
27.800000
27.500000
27.290000
26.980000
27.500000
28.150000
29.260000
29.000000
29.220000
29.050000
28.930000
28.910000
29.250000
28.850000
28.650000
28.800000
28.050000
27.620000
27.850000
27.640000
27.050000
26.850000
26.290000
26.690000
27.000000
27.730000
28.710000
29.170000
28.550000
28.380000
28.170000
28.750000
28.750000
28.250000
27.740000
27.190000
27.500000
28.000000
28.000000
28.800000
28.760000
29.170000
29.170000
29.110000
29.250000
29.350000
29.250000
29.210000
28.990000
29.120000
28.830000
29.100000
28.270000
29.200000
28.260000
29.190000
28.930000
29.160000
28.750000
29.000000
29.000000
28.800000
28.975000
28.511000
28.660000
29.200000
29.190000
29.040000
29.200000
28.630000
28.800000
28.810000
28.790000
28.680000
28.800000
28.830000
29.000000
28.760000
28.800000
28.190000
27.920000
28.000000
28.760000
28.260000
28.850000
28.650000
28.270000
27.540000
28.150000
28.010000
27.890000
28.650000
29.090000
29.250000
28.980000
28.940000
28.670000
28.610000
27.690000
27.970000
28.140000
28.180000
28.160000
28.080000
28.120000
27.520000
27.740000
27.620000
27.480000
28.080000
28.120000
28.420000
28.160000
28.410000
28.890000
29.010000
28.780000
28.760000
29.120000
28.760000
29.310000
29.500000
29.310000
29.760000
29.610000
29.880000
29.740000
29.730000
30.000000
29.950000
30.190000
30.830000
29.740000
29.700000
29.020000
28.760000
28.870000
29.750000
29.280000
28.990000
28.630000
28.610000
27.530000
27.840000
27.590000
28.460000
27.120000
27.240000
25.750000
26.880000
26.890000
27.090000
27.530000
26.980000
27.490000
28.110000
27.950000
27.850000
28.300000
27.760000
27.220000
27.500000
27.440000
26.910000
26.700000
26.960000
27.930000
27.070000
27.280000
27.430000
27.530000
27.980000
27.630000
27.840000
27.820000
27.970000
27.870000
27.960000
28.250000
28.000000
28.180000
28.680000
28.650000
28.030000
27.950000
28.130000
28.840000
28.180000
27.950000
27.570000
27.900000
27.710000
27.700000
27.230000
27.780000
28.290000
28.110000
28.730000
29.140000
29.220000
29.550000
29.990000
30.500000
30.350000
29.820000
29.340000
29.350000
28.860000
29.790000
30.570000
30.340000
30.570000
29.960000
29.930000
29.990000
30.000000
29.950000
29.980000
30.030000
29.960000
29.960000
29.170000
29.790000
29.040000
27.880000
27.890000
27.230000
27.830000
27.630000
27.650000
28.240000
28.990000
28.920000
28.450000
28.410000
28.840000
28.720000
28.960000
29.320000
29.350000
29.230000
29.630000
29.700000
29.900000
29.310000
29.500000
29.220000
28.750000
28.060000
28.270000
29.120000
29.200000
29.120000
28.160000
28.540000
28.950000
28.830000
27.880000
27.180000
27.730000
28.050000
27.630000
27.610000
26.130000
26.050000
26.320000
26.490000
26.250000
26.050000
26.150000
26.810000
26.030000
26.000000
26.490000
27.340000
28.030000
27.700000
27.100000
26.770000
25.850000
26.010000
26.450000
25.870000
26.000000
25.990000
25.730000
25.650000
25.200100
25.170000
25.360000
25.590000
26.050000
26.200000
25.750000
25.930000
25.920000
26.700000
26.960000
27.160000
27.300000
27.350000
27.270000
27.490000
27.430000
27.450000
27.200000
27.330000
27.170000
26.640000
26.860000
26.410000
26.740000
26.850000
27.400000
27.430000
26.840000
26.490000
26.300000
26.620000
26.490000
26.500000
26.330000
26.630000
26.300000
26.510000
27.200000
27.390000
27.350000
28.220000
28.090000
28.360000
28.140000
28.910000
29.170000
29.080000
29.140000
29.460000
29.990000
29.800000
29.800000
29.800000
30.070000
29.720000
28.870000
28.100000
27.910000
27.680000
28.330000
27.680000
27.720000
28.510000
28.730000
28.750000
29.110000
29.310000
29.500000
29.260000
29.600000
29.900000
29.410000
29.320000
30.000000
29.800000
30.310000
30.500000
30.380000
29.910000
29.840000
29.050000
28.480000
28.910000
29.220000
29.420000
30.000000
29.890000
30.140000
29.920000
29.620000
29.910000
30.120000
30.590000
30.710000
30.710000
31.390000
31.300000
32.600000
32.800000
32.210000
32.780000
32.800000
32.750000
32.790000
32.500000
31.900000
31.850000
31.500000
31.700000
32.300000
31.200000
29.480000
29.410000
29.180000
29.070000
28.820000
28.750000
28.660000
29.100000
28.860000
29.250000
29.900000
30.040000
30.190000
29.680000
28.580000
27.820000
28.000000
28.300000
27.940000
28.000000
28.060000
28.400000
27.890000
28.640000
29.160000
29.130000
28.290000
27.870000
28.920000
29.020000
27.700000
27.990000
28.040000
28.010000
28.300000
28.450000
28.450000
28.550000
29.140000
28.110000
28.000000
28.150000
28.500000
28.100000
27.290000
27.970000
28.000000
28.070000
28.730000
30.000000
29.440000
30.100000
30.190000
30.090000
30.330000
30.450000
30.470000
30.480000
30.520000
30.010000
29.460000
29.420000
29.130000
29.900000
30.000000
30.040000
30.010000
30.000000
30.010000
30.810000
30.040000
30.000000
30.060000
30.000000
30.000000
30.050000
30.000000
29.990000
30.010000
29.950000
29.930000
29.870000
30.120000
30.180000
29.720000
29.800000
29.890000
30.140000
30.150000
30.380000
30.310000
30.330000
30.630000
31.180000
30.630000
31.060000
31.400000
31.420000
31.080000
31.400000
31.210000
31.250000
31.360000
31.000000
31.000000
30.890000
30.330000
30.050000
30.100000
30.150000
30.050000
30.050000
30.140000
29.830000
29.500000
29.550000
29.390000
29.290000
29.260000
29.200000
29.000000
29.110000
29.190000
29.150000
28.880000
29.050000
29.190000
29.650000
29.620000
29.800000
30.000000
30.000000
29.980000
29.870000
30.270000
30.130000
29.490000
29.630000
29.940000
29.770000
29.700000
29.850000
29.870000
30.100000
30.370000
30.440000
30.260000
29.780000
29.640000
30.150000
30.150000
30.830000
30.620000
30.470000
30.220000
30.500000
29.710000
30.370000
31.090000
31.220000
31.450000
31.760000
32.150000
32.630000
32.700000
32.440000
32.140000
32.140000
31.960000
31.350000
31.180000
30.890000
30.870000
30.870000
30.760000
30.420000
30.100000
30.250000
30.020000
29.760000
29.540000
29.800000
29.720000
29.820000
29.650000
29.330000
29.170000
29.200000
29.240000
28.340000
28.500000
28.600000
28.430000
28.330000
28.330000
28.264400
28.320000
28.250000
28.190000
28.310000
28.350000
28.320000
28.150000
28.200000
28.210000
27.700000
28.030000
28.110000
28.200000
27.750000
27.800000
27.700000
27.700000
27.220000
27.140000
27.190000
27.100000
27.010000
27.100000
27.150000
27.420000
27.850000
28.020000
27.680000
27.560000
27.520000
27.690000
27.880000
27.990000
28.530000
28.580000
28.350000
28.210000
28.490000
27.860000
27.830000
27.510000
27.330000
27.440000
27.210000
27.390000
27.310000
27.550000
27.160000
26.560000
26.440000
26.740000
26.515000
26.462000
26.465000
26.740000
26.610000
26.360000
25.910000
25.160000
24.810000
24.560000
24.560000
24.950000
24.560000
24.840000
24.900000
24.830000
24.810000
24.310000
24.590000
24.660000
24.290000
24.040000
23.720000
24.010000
24.090000
24.000000
23.980000
23.940000
24.230000
24.700000
24.530000
24.830000
24.970000
24.850000
24.940000
25.010000
24.800000
25.230000
24.940000
24.940000
24.820000
24.820000
24.660000
24.810000
24.820000
24.700000
24.490000
24.320000
24.370000
24.230000
24.290000
24.670000
25.000000
24.930000
24.850000
24.770000
24.500000
24.000000
23.800000
23.520000
23.530000
23.840000
23.520000
23.690000
23.520000
23.280000
23.150000
22.663000
21.960000
20.480000
19.920000
19.470000
19.610000
19.260000
19.120000
19.110000
18.910000
18.900000
18.500000
18.710000
18.520000
18.200000
18.260000
18.550000
18.070000
18.050000
17.970000
18.570000
20.470000
20.650000
21.190000
21.170000
22.800000
22.790000
23.159900
22.670000
23.220000
23.930000
23.680000
23.430000
23.600000
23.070000
21.956000
22.550000
21.870000
23.240000
23.220000
23.010000
23.240000
23.000000
22.630000
22.650000
23.340000
24.050000
23.100000
22.270000
22.080000
21.070000
21.430000
22.080000
23.400000
23.800000
23.070000
23.210000
22.630000
22.410000
22.480000
22.050000
22.150000
21.670000
20.710000
20.170000
19.790000
19.800000
19.840000
19.850000
19.710000
19.870000
20.320000
19.840000
19.500000
19.310000
19.420000
19.470000
19.020000
18.960000
20.440000
19.120000
18.920000
19.500000
19.280000
19.350000
18.850000
18.500000
18.430000
18.280000
18.150000
18.250000
18.230000
18.260000
18.650000
18.380000
18.250000
18.490000
18.370000
18.350000
18.500000
18.360000
18.250000
18.060000
18.200000
17.360000
16.710000
16.690000
16.280000
16.540000
16.580000
16.500000
16.410000
16.460000
16.210000
15.830000
14.805000
13.500000
13.490000
13.510000
13.460000
13.450000
13.250000
13.170000
13.100000
12.750000
12.520000
12.750000
12.620000
14.220000
14.430000
14.610000
14.190000
15.280000
16.110000
15.050000
15.330000
15.570000
15.679900
15.500000
16.280000
16.490000
16.880000
17.460000
17.710000
17.030000
17.910000
17.370000
17.310000
16.940000
16.590000
16.860000
16.540000
16.990000
16.900000
15.600000
16.040000
16.040000
16.100000
15.860000
15.800000
16.050000
15.710000
16.020000
15.990000
15.820000
15.960000
15.740000
15.349900
15.990000
16.000000
16.000000
16.000000
16.150000
15.950000
16.080000
15.630000
16.180000
15.960000
16.000000
16.140000
16.020000
15.330000
15.310000
15.010000
14.800000
14.540000
14.840000
14.510000
13.510000
13.360000
13.830000
13.510000
13.410000
13.370000
13.370000
13.060000
13.210000
13.000000
13.000000
12.870000
12.950000
13.070000
12.880000
12.580000
12.960000
12.990000
12.790000
12.450000
12.320000
12.360000
12.260000
12.210000
12.800100
12.900000
12.290000
12.100000
12.930000
12.850000
12.750000
13.390000
13.400000
13.040000
12.670000
12.860000
12.700000
12.660000
12.450000
12.250000
12.160000
11.370000
10.980000
10.840000
10.270000
10.020000
9.600000
9.600000
9.510000
9.440000
9.550000
9.560000
9.600000
9.050000
9.740000
9.290000
9.510000
8.970000
8.500000
7.760000
7.720000
7.660000
7.690000
7.910000
7.570000
7.550000
7.830000
7.560000
7.150000
7.150000
7.210000
7.000000
7.070000
7.100000
7.320000
7.390000
7.030000
6.770000
6.960000
7.080000
7.160000
6.760000
6.950000
6.550000
6.510000
6.490000
6.500000
6.500000
6.570000
6.490000
6.590000
6.570000
6.340000
6.660000
7.100000
6.820000
6.800000
7.210000
7.160000
7.190000
7.140000
7.310000
7.030000
6.950000
7.100000
7.100000
8.610000
10.000000
8.740000
8.860000
8.660000
8.510000
8.510000
8.800000
8.545000
8.499900
8.500000
7.560000
8.480000
7.760000
6.780000
6.250000
6.890000
6.040000
6.040000
5.660000
6.309900
6.030000
6.030000
5.760000
5.500000
5.500000
5.600000
5.520000
5.790000
5.800000
5.800000
6.030000
5.540000
6.040000
5.760000
5.460000
6.450000
5.900100
5.680000
5.670000
5.500000
5.890000
6.120000
5.600000
5.500000
5.600000
5.600000
5.300000
5.140000
5.140000
5.100000
5.090000
5.100000
4.740000
5.050000
4.180100
4.750000
4.080000
4.050000
4.100000
4.250000
4.460100
5.130000
5.010000
4.450000
4.560000
4.470000
4.520000
4.520000
4.490000
4.550000
4.520000
4.600000
5.100000
5.430000
5.820000
5.840000
5.010000
5.490000
5.600000
6.070000
6.050000
6.090000
5.660000
5.520100
5.500000
5.720000
5.550000
5.350000
5.350000
5.010000
4.500000
4.500000
4.360000
4.110000
4.000000
4.110000
4.525000
4.525000
4.500000
4.300000
4.220000
4.682000
4.100000
4.060000
4.400000
4.240000
4.250000
4.400000
4.400000
4.210000
4.420000
4.220000
4.540000
4.510000
4.800000
4.630000
4.789900
4.870000
4.780000
5.100000
5.100000
5.042400
5.340000
5.530000
5.260000
5.260000
5.510000
5.140000
5.000000
5.050000
4.910000
5.260000
5.090000
5.250000
5.190000
5.130000
5.160000
5.180000
5.500000
5.970000
6.600000
6.500000
6.500000
6.510000
6.820000
6.830000
6.858000
6.858000
6.870000
6.810000
6.900000
6.650000
6.640000
6.690000
6.677000
6.720000
6.720000
6.720000
6.720000
7.180000
7.690000
7.390000
6.950000
6.890000
7.190000
7.190000
7.180000
6.740000
6.850000
6.900000
6.680000
6.460000
6.380000
6.400000
6.300000
6.300000
6.500000
6.420000
6.410000
6.490000
6.380000
6.500000
6.270000
5.660000
5.860000
5.750000
5.810000
5.770000
5.770000
6.000000
5.880000
6.020000
5.910000
5.850000
5.540000
5.490000
5.440000
5.600000
5.600000
5.460000
5.460000
5.460000
5.150000
5.100000
5.150000
5.050000
5.050000
5.250000
5.020000
5.150000
5.730000
5.450000
6.450000
6.660000
6.750000
7.010000
7.600000
7.570000
7.310000
7.450000
7.890000
8.420000
8.360000
7.200000
6.790000
7.000000
6.880000
6.970000
7.090000
7.130000
7.080000
7.480000
7.950000
8.110100
8.050000
8.170000
8.170000
8.000000
8.990000
8.800000
8.800000
8.800000
9.490000
9.900000
9.930000
9.930000
9.920000
10.040000
10.000000
9.730000
9.020000
8.450000
8.635000
8.300000
8.310000
8.410000
8.150000
8.060000
8.070000
8.950000
7.640000
8.950000
8.500000
8.210000
8.030000
8.270000
8.070000
8.300000
7.950000
7.980000
7.520000
7.725000
7.737000
7.530000
6.910000
7.020000
7.026000
6.900100
6.900100
7.250000
7.020000
5.940000
5.470000
4.760000
3.740000
4.690000
5.100000
5.740000
5.450000
4.810000
4.680000
4.370000
4.490000
4.590000
4.470000
4.241000
4.100000
4.000000
4.040000
3.790000
4.010000
3.630000
3.360000
3.370000
3.500000
3.180000
2.850000
2.940000
2.500000
2.550000
2.600000
2.580000
2.520000
2.470000
2.500000
2.500000
2.460000
2.520000
2.510000
2.840100
2.750000
2.850000
2.760000
2.680000
2.750000
2.919000
2.990000
2.970000
3.140000
2.780000
2.699900
2.860000
2.640000
3.050000
3.150000
3.360000
3.080000
3.070000
3.070000
3.000000
3.480000
3.550000
3.500000
3.490000
3.440000
2.990000
3.020000
3.070000
3.140000
3.070000
3.000000
3.200000
3.190000
3.350000
3.120000
3.100000
3.020000
3.130000
3.170000
3.100000
3.250000
3.250000
3.250000
3.250000
3.200000
3.110000
3.160000
3.340000
3.410000
3.800000
3.690000
3.600000
3.600100
3.600000
3.670000
3.610000
3.560000
3.550000
3.620000
3.510000
3.450000
3.400000
3.490000
3.480000
3.620000
3.620000
3.780000
3.780000
3.970000
4.000000
4.000000
4.090000
4.330000
4.350000
4.420000
4.850000
4.750000
5.290000
5.780000
6.000000
6.460000
5.800000
5.760000
5.750000
6.000000
6.140000
6.000000
6.090100
5.630000
5.850000
6.038400
6.390000
6.750000
6.900000
6.790000
7.050000
6.870100
6.900000
6.500000
6.130000
5.650000
5.590000
5.840000
6.120000
6.590000
6.590000
6.740100
6.500000
6.140000
5.700000
5.640000
5.600000
5.710000
5.700000
5.650000
5.610000
5.480000
5.390000
5.420000
5.270000
5.170000
4.950000
5.000000
5.270000
5.050000
4.850000
4.800000
4.750000
4.800000
5.030000
4.980000
5.300000
5.270000
5.200000
5.290000
5.300000
5.100000
5.020000
5.280000
5.220000
5.140000
5.290000
5.195000
5.390000
5.330000
5.130000
6.300000
6.150000
6.220000
6.180000
6.200000
6.210000
6.250000
5.740000
5.550000
5.440000
5.260000
5.220000
5.360000
5.460000
5.640000
5.290000
5.330000
5.360000
5.190000
5.250000
5.310000
5.310000
5.380000
5.350000
5.500000
5.390000
5.560000
5.460000
5.550000
5.480000
5.510000
5.990000
5.980000
5.500000
5.530000
5.500000
5.760000
5.810000
5.940000
5.940000
5.860000
6.020000
5.890000
5.840000
5.820000
6.020000
6.000000
6.040000
5.930000
5.970000
5.950000
6.000000
5.960000
6.060000
6.110000
6.080000
6.110000
6.120000
6.200000
6.180000
6.110000
6.140000
6.190000
6.670000
6.740000
6.720000
6.670000
6.850000
6.760000
6.560000
6.890000
6.850000
6.899900
6.880000
6.900000
6.860000
6.720000
6.870000
6.720000
6.780000
6.600000
6.580000
6.499900
6.530000
6.760000
6.750000
6.700000
6.800000
6.700000
6.730000
6.840000
6.840000
6.900000
6.800000
6.849000
6.650000
6.829900
6.889900
6.770000
6.740000
6.590000
6.760000
6.800000
6.830000
6.850000
6.910000
6.960000
7.380000
7.240000
7.000000
7.085000
7.150000
7.190000
7.200000
7.250000
7.280000
7.200000
7.160000
7.250000
7.250000
7.250000
7.120000
7.200000
7.250000
7.180100
7.220000
7.550000
7.650000
7.750000
7.800000
7.890000
7.880000
7.860000
7.880000
7.920000
7.890000
7.900000
7.960000
8.040000
8.050000
8.120000
8.210000
8.200000
8.230000
8.150000
8.110000
8.250000
8.370000
8.480000
8.490000
8.531000
8.530000
8.530000
8.580000
8.564200
8.440100
8.500000
8.450000
8.330000
8.400000
8.450000
8.380000
8.260000
8.270000
8.300000
8.310000
8.146600
8.240000
8.250000
8.230000
8.290000
8.410000
8.300000
8.390000
8.384000
8.380000
8.260000
8.170100
8.100000
8.090000
8.080000
7.950000
7.890000
7.900000
8.040000
8.140000
8.320000
7.900000
8.020000
8.050000
8.100000
8.100000
8.110000
8.100000
8.100000
8.100000
8.100000
8.050000
8.030000
8.030000
8.120000
8.020000
7.950000
7.920000
7.940000
8.000000
7.900000
7.890000
7.830000
7.900000
7.850000
7.710000
7.620000
7.530000
7.580000
7.790000
7.570000
7.250000
7.150000
6.950000
6.950000
7.080000
7.060000
7.010000
7.400000
7.430000
7.930000
7.873000
7.990000
8.070000
8.060000
8.100000
8.040000
8.010000
8.089200
8.100000
8.170000
8.210000
8.239900
8.130000
8.100000
8.160000
8.100000
8.230000
8.225000
8.200000
8.220000
8.370000
8.570000
8.570000
8.550000
8.540000
8.310000
8.480000
8.560000
8.520000
8.540000
8.460000
8.110000
8.100000
8.220000
8.010000
8.220000
8.300000
8.320000
8.429000
8.330000
8.360000
8.250000
8.260000
8.290000
8.100000
8.090000
8.080000
8.090000
8.200000
8.390000
8.350000
8.250000
8.560000
8.340000
8.200000
8.230000
8.080000
8.130000
8.200000
8.210000
8.350000
8.360000
8.330000
8.260000
8.050000
8.020000
8.150000
8.400100
8.490000
8.600000
8.740000
8.640000
8.650000
8.380000
8.750000
8.820000
9.040000
9.040000
9.150000
8.950000
9.020000
9.110000
9.020000
9.030000
9.150000
8.840000
9.000000
9.051000
9.180000
9.030000
9.050000
9.060000
9.000000
9.060000
9.140000
9.050000
9.100100
9.190000
9.190000
9.190000
9.190000
9.180000
9.060000
9.100000
9.090000
9.100100
9.100000
9.120000
9.200000
9.110000
9.230000
9.120000
9.220000
9.170000
9.160000
9.160000
9.340000
9.250000
9.240000
9.320000
9.250000
9.220000
9.260000
9.280000
9.260000
9.330000
9.340000
9.360000
9.350000
9.310000
9.270000
9.250000
9.260000
9.320000
9.280000
9.310000
9.450000
9.470000
9.430000
9.500000
9.740000
9.720000
9.460000
9.620000
9.500000
9.500000
9.500000
9.370000
9.291800
9.470000
9.470000
9.370000
9.370000
9.489900
9.480000
9.580000
9.550000
9.660000
9.650000
9.550000
9.700000
9.700000
9.810000
9.680000
9.800000
9.800000
9.960000
10.000000
10.000000
10.290000
10.180000
10.340000
10.390000
10.310000
10.170000
10.300000
10.230000
10.140000
10.140000
10.160000
10.150000
10.280000
10.390000
10.500000
10.400000
10.430000
10.580000
10.400000
10.500000
10.570000
10.380000
10.500000
10.560000
10.800000
10.890000
10.930000
10.900000
10.860000
10.710000
10.900000
10.860000
10.890000
10.890000
10.880000
10.830000
10.900000
10.940000
10.760000
10.890000
10.940000
10.890000
10.980000
11.000000
11.000000
10.890000
10.940000
10.880000
10.950000
10.950000
10.850000
10.920000
10.950000
10.880000
10.990000
10.940000
11.160000
11.350000
11.040000
10.870000
10.810000
10.950000
10.930000
11.080000
11.100000
10.820000
10.770000
10.800000
10.800000
10.750000
10.710000
11.140000
11.420000
10.850000
11.100000
11.060000
10.800000
11.220000
11.250000
11.500000
11.320000
11.440000
11.320000
11.370000
11.130000
10.960000
11.370000
11.500000
11.470000
11.530000
11.630000
11.500000
11.550000
11.470000
11.400000
11.270000
11.240000
11.200000
11.300000
11.190000
11.590000
11.610000
11.630000
11.410000
11.480000
11.400000
11.670000
11.690000
12.100000
12.210000
12.240000
12.190000
12.230000
12.310000
12.420000
12.600000
12.550000
12.600000
12.670000
12.780000
12.740000
12.950000
13.030000
13.030000
13.000000
13.140000
13.290000
13.210000
13.220000
13.230000
13.200000
13.300000
13.100000
13.190000
13.200000
13.120000
13.190000
13.340000
13.230000
13.480000
13.460000
13.680000
13.790000
13.740000
14.020000
13.940000
13.940000
14.060000
14.110000
13.950000
13.900000
14.090000
14.210000
14.140000
14.220000
13.960000
13.910000
14.110000
14.190000
13.760000
13.990000
14.030000
13.300000
13.050000
13.750000
13.940000
13.960000
14.140000
14.150000
14.340000
14.440000
14.640000
14.560000
14.770000
14.710000
14.750000
15.500000
15.610000
15.040000
15.230000
15.040000
15.200000
15.250000
15.060000
15.080000
15.140000
15.160000
15.390000
15.650000
15.690000
15.670000
15.730000
15.730000
15.900000
15.950000
16.050000
16.150000
16.140000
16.150000
16.070000
16.090000
16.060000
16.040000
16.070000
16.090000
16.220000
16.290000
16.390000
16.470000
16.660000
16.650000
16.620000
16.990000
17.340000
17.500000
18.140000
18.190000
18.680000
18.730000
18.860000
19.000000
18.990000
18.660000
18.870000
18.670000
18.520000
18.680000
18.550000
18.870000
19.030000
18.860000
18.460000
17.720000
17.490000
16.690000
16.640000
16.950000
17.250000
17.500000
17.370000
17.740000
17.590000
17.500000
17.740000
17.700000
17.730000
17.720000
17.750000
17.710000
17.500000
17.610000
17.100000
17.020000
17.110000
17.100000
16.940000
17.150000
17.430000
17.490000
17.260000
17.170000
16.710000
16.020000
16.030000
16.590000
16.460000
16.490000
16.550000
16.710000
16.480000
17.070000
17.120000
17.100000
17.050000
17.010000
17.090000
16.730000
16.180000
15.880000
16.120000
16.160000
16.070000
16.410000
16.590000
16.110000
15.290000
15.770000
15.170000
15.240000
15.250000
15.420000
15.980000
15.710000
16.070000
16.010000
16.070000
16.200000
15.740000
16.090000
16.110000
16.220000
16.550000
16.230000
15.670000
15.690000
15.740000
15.620000
15.750000
15.650000
15.710000
15.590000
15.580000
15.410000
15.550000
15.340000
16.000000
15.490000
15.420000
15.220000
15.980000
15.880000
15.780000
15.850000
15.870000
15.850000
15.550000
15.360000
15.890000
15.410000
15.590000
15.810000
15.860000
15.650000
15.800000
15.490000
15.740000
15.600000
15.940000
15.880000
15.960000
16.080000
16.100000
16.020000
16.080000
16.070000
16.050000
16.190000
16.190000
16.300000
16.500000
16.490000
16.950000
17.030000
17.170000
17.340000
17.420000
17.500000
17.390000
17.100000
17.250000
17.500000
17.440000
17.490000
18.010000
18.040000
17.910000
18.120000
17.980000
18.200000
18.330000
18.010000
17.910000
18.240000
18.010000
18.130000
18.060000
18.370000
18.080000
17.940000
17.800000
17.860000
17.970000
17.770000
17.920000
17.800000
17.890000
17.800000
17.990000
18.120000
18.090000
17.940000
18.100000
18.250000
18.430000
18.510000
18.390000
18.190000
17.990000
17.860000
17.750000
17.090000
16.710000
16.610000
16.860000
16.840000
16.860000
17.010000
16.510000
15.990000
16.000000
16.580000
16.310000
17.070000
16.940000
17.050000
17.090000
17.150000
17.180000
17.190000
17.190000
17.300000
17.290000
17.250000
15.920000
15.250000
15.160000
15.130000
14.790000
14.560000
14.600000
14.610000
14.590000
14.490000
14.380000
14.500000
14.600000
14.510000
14.458000
14.270000
14.250000
14.510000
14.460000
14.500000
14.480000
14.750000
14.720000
14.660000
14.640000
14.640000
14.620000
14.580000
14.760000
14.600000
14.630000
14.650000
14.780000
14.970000
15.030000
15.050000
14.990000
15.430000
15.170000
15.170000
15.060000
15.030000
15.000000
15.000000
15.040000
15.020000
14.990000
14.940000
15.010000
14.950000
14.720000
14.510000
14.670000
14.670000
14.540000
14.570000
14.470000
14.670000
14.680000
14.590000
14.440000
14.550000
14.250000
15.030000
15.050000
14.730000
15.000000
14.810000
14.650000
14.740000
14.680000
14.970000
14.870000
15.040000
15.140000
15.240000
14.970000
15.270000
15.220000
15.280000
15.140000
15.210000
15.080000
15.370000
15.280000
15.830000
15.670000
15.780000
15.780000
15.880000
15.860000
15.850000
15.800000
15.870000
15.880000
15.940000
15.730000
15.830000
15.860000
15.830000
15.860000
15.440000
15.380000
15.570000
15.420000
15.420000
15.250000
15.010000
14.440000
14.370000
14.500000
14.580000
14.500000
14.460000
14.440000
14.420000
14.460000
14.460000
14.400000
14.420000
14.360000
14.320000
14.230000
13.810000
14.130000
14.070000
14.050000
14.120000
13.950000
13.870000
13.890000
13.910000
13.970000
14.600000
14.370000
14.400000
14.370000
14.400000
14.460000
14.400000
14.420000
14.380000
14.610000
14.860000
14.490000
14.520000
14.500000
14.510000
14.460000
14.530000
14.890000
14.830000
14.740000
14.620000
14.480000
14.550000
14.420000
14.410000
14.500000
14.510000
14.500000
14.370000
14.080000
13.860000
13.840000
13.880000
14.030000
14.540000
14.670000
14.390000
14.400000
14.250000
14.140000
14.550000
14.450000
14.430000
14.460000
14.600000
14.510000
14.480000
14.430000
14.230000
14.320000
14.500000
14.600000
14.440000
14.440000
14.260000
14.690000
14.250000
14.285000
14.410000
14.460000
14.900000
14.940000
14.800000
14.980000
14.950000
14.850000
14.850000
14.760000
14.810000
14.850000
14.750000
14.830000
14.810000
14.710000
14.690000
14.750000
14.660000
14.640000
14.610000
14.580000
14.640000
14.590000
14.640000
14.530000
14.790000
14.960000
14.900000
15.040000
15.200000
15.160000
15.110000
15.350000
15.190000
14.760000
14.700000
14.720000
14.620000
14.680000
14.590000
14.630000
14.690000
14.520000
14.480000
14.490000
14.510000
14.570000
14.680000
14.390000
14.340000
14.210000
14.410000
14.370000
14.340000
14.480000
14.260000
14.260000
14.290000
14.320000
14.380000
14.650000
14.630000
14.580000
14.800000
14.750000
14.870000
14.840000
14.870000
14.880000
14.900000
14.860000
14.880000
14.850000
14.810000
15.020000
15.130000
15.030000
14.760000
14.680000
14.830000
14.900000
14.800000
14.870000
14.860000
14.970000
14.920000
15.380000
15.410000
15.520000
15.230000
15.210000
15.090000
15.060000
15.220000
15.320000
15.440000
15.050000
15.190000
15.280000
15.220000
15.220000
15.080000
14.910000
15.130000
15.130000
15.360000
15.100000
15.150000
15.400000
15.370000
15.220000
15.140000
15.120000
15.100000
15.100000
15.120000
15.060000
15.260000
15.240000
15.510000
15.440000
15.590000
15.480000
15.520000
15.480000
15.510000
15.710000
15.640000
15.800000
15.710000
15.810000
15.900000
15.630000
15.850000
15.570000
15.520000
15.640000
15.380000
15.110000
15.380000
15.390000
15.440000
15.350000
15.650000
15.780000
15.820000
16.130000
16.350000
16.330000
16.320000
16.290000
16.360000
16.400000
16.200000
16.320000
16.290000
16.230000
15.560000
15.750000
16.150000
16.160000
16.250000
15.990000
16.090000
15.990000
16.040000
16.130000
15.990000
16.020000
16.780000
16.360000
16.360000
16.710000
16.310000
16.650000
16.550000
16.270000
16.580000
16.500000
16.600000
16.250000
16.390000
15.930000
16.020000
16.650000
16.550000
16.600000
16.650000
16.980000
16.610000
16.820000
16.900000
16.810000
16.950000
16.750000
16.870000
16.550000
16.660000
17.150000
17.170000
17.090000
17.350000
17.390000
17.490000
17.560000
17.450000
17.730000
18.000000
18.120000
17.990000
18.060000
17.900000
17.850000
17.950000
17.960000
17.950000
17.960000
17.830000
17.490000
17.610000
17.870000
17.490000
17.320000
17.590000
17.280000
17.180000
16.781300
16.740000
16.980000
16.860000
16.780000
16.620000
16.390000
16.360000
16.720000
16.370000
16.550000
16.480000
16.230000
16.080000
16.000000
15.930000
16.040000
15.980000
15.980000
15.830000
15.930000
16.005000
16.000000
16.090000
16.070000
16.030000
16.130000
16.220000
16.280000
16.800000
16.490000
16.390000
16.470000
16.380000
16.510000
16.800000
16.790000
16.390000
16.410000
16.120000
16.170000
16.430000
16.600000
16.250000
16.390000
16.270000
16.270000
16.360000
16.300000
16.280000
16.250000
16.390000
16.430000
16.120000
16.460000
16.500000
16.610000
16.810000
16.950000
17.070000
16.770300
16.410000
16.430000
16.570000
16.290000
16.780000
16.390000
16.280000
16.350000
16.270000
16.300000
16.300000
16.130000
16.210100
16.210000
16.200000
16.340000
16.230000
16.590000
16.400000
16.490000
16.520000
16.790000
16.630000
16.750000
17.000000
17.070000
17.140000
17.400000
17.500000
17.620000
17.860000
17.950000
17.650000
17.720000
17.708500
17.600000
17.900000
17.890000
18.400000
18.110000
17.980000
18.410000
18.090000
17.830000
18.200000
18.290000
18.480000
18.590000
18.510000
18.590000
18.610000
18.540000
18.490000
18.440000
18.250000
18.120000
18.320000
18.660000
18.680000
18.700000
18.710000
18.600000
18.890000
18.980000
19.140000
18.880000
18.890000
18.870000
18.890000
18.440000
18.500000
18.610000
18.490000
18.640000
18.760000
18.950000
18.860000
18.900000
18.800000
18.930000
18.610000
18.720000
18.790000
18.660000
17.850000
17.610000
17.010000
17.480000
17.180000
17.370000
17.050000
17.250000
17.080000
16.920000
16.750000
16.840000
16.800000
17.000000
17.120000
17.140000
17.150000
17.340000
17.490000
17.150000
17.110000
17.440000
17.730000
17.530000
17.810000
17.600000
17.510000
17.250000
17.300000
17.210000
17.230000
17.190000
17.220000
17.250000
17.410000
17.350000
17.280000
17.440000
17.540000
17.780000
18.000000
17.990000
17.890000
17.880000
17.510000
17.050000
17.260000
17.140000
16.880000
17.040000
16.990000
17.220000
17.490000
17.430000
17.510000
17.420000
17.420000
17.360000
17.430000
17.110000
17.150000
17.150000
17.150000
17.130000
17.360000
17.130000
17.300000
17.470000
17.670000
17.710000
18.030000
18.280000
18.140000
18.100000
18.280000
18.300000
18.080000
18.210000
17.950000
18.150000
18.110000
18.220000
18.000000
18.110000
18.060000
18.080000
18.300000
18.220000
18.160000
18.190000
18.170000
18.120000
18.270000
18.250000
18.150000
17.950000
18.020000
17.960000
18.130000
18.100000
18.000000
17.920000
18.100000
18.290000
18.170000
17.830000
17.600000
17.500000
17.970000
18.300000
18.080000
18.160000
18.230000
18.230000
18.350000
18.410000
18.700000
18.670000
18.600000
18.750000
18.760000
18.790000
18.900000
18.870000
19.020000
19.240000
19.630000
19.250000
19.210000
19.490000
19.480000
19.310000
19.310000
19.250000
19.400000
19.260000
19.270000
19.240000
19.250000
19.350000
19.250000
19.200000
19.240000
19.530000
19.470000
19.430000
19.400000
19.220000
19.250000
19.330000
19.310000
19.290000
19.100000
19.170000
19.480000
19.510000
19.450000
19.490000
19.480000
19.730000
19.380000
19.340000
19.240000
19.330000
19.290000
19.260000
19.370000
19.720000
19.610000
19.420000
19.790000
19.610000
19.290000
19.560000
19.540000
19.500000
19.290000
19.270000
19.140000
19.280000
19.210000
19.570000
19.500000
19.750000
19.750000
19.750000
19.750000
19.780000
19.710000
19.980000
18.880000
18.850000
18.980000
19.000000
19.080000
19.050000
18.980000
19.040000
18.930000
19.020000
19.070000
19.120000
19.670000
20.050000
19.790000
19.900000
19.960000
19.930000
20.000000
19.990000
20.000000
19.950000
20.000000
19.820000
19.670000
19.710000
19.890000
19.720000
20.230000
20.170000
20.040000
20.250000
20.110000
20.040000
20.250000
20.160000
20.270000
20.250000
20.240000
20.240000
20.120000
20.130000
20.160000
20.240000
20.230000
20.210000
20.220000
20.110000
20.140000
19.870000
19.970000
19.670000
19.500000
19.470000
19.400000
19.110000
18.900000
19.020000
18.950000
18.800000
18.730000
18.770000
18.630000
18.700000
19.130000
18.890000
18.530000
18.400000
18.280000
18.600000
18.720000
18.620000
18.470000
18.750000
18.690000
18.820000
19.000000
19.120000
19.050000
18.880000
18.900000
18.800000
19.040000
19.120000
19.060000
18.660000
18.780000
18.780000
18.990000
18.850000
18.780000
18.670000
18.760000
18.730000
18.780000
18.740000
18.660000
18.710000
18.940000
18.720000
18.630000
18.520000
18.650000
18.620000
18.710000
18.740000
18.480000
18.560000
18.650000
18.530000
18.570000
18.380000
18.560000
18.630000
18.660000
18.800000
18.580000
18.430000
18.660000
18.600000
18.650000
18.730000
18.890000
19.270000
19.110000
19.190000
19.260000
19.230000
18.880000
18.920000
18.930000
19.040000
19.000000
19.130000
19.140000
19.020000
19.030000
18.960000
19.110000
19.020000
18.860000
18.960000
18.990000
19.060000
19.000000
19.080000
18.960000
19.100000
19.000000
19.000000
18.960000
19.090000
19.000000
19.070000
19.030000
19.260000
19.990000
20.340000
20.220000
19.880000
19.870000
19.530000
19.510000
19.160000
19.070000
19.110000
19.630000
19.400000
19.390000
19.550000
19.410000
19.250000
19.560000
19.510000
19.240000
19.560000
19.110000
18.930000
19.100000
19.050000
18.960000
18.980000
18.960000
19.050000
19.020000
19.050000
18.990000
19.000000
19.000000
18.860000
18.760000
19.000000
19.180000
19.110000
19.120000
19.180000
19.030000
19.110000
19.150000
19.170000
19.100000
19.150000
19.110000
19.130000
18.940000
18.850000
18.750000
18.860000
19.060000
18.980000
19.300000
19.400000
19.090000
19.070000
18.940000
18.990000
18.950000
18.970000
19.060000
19.230000
19.680000
19.690000
19.740000
19.730000
19.730000
19.730000
19.710000
19.600000
19.620000
19.380000
18.970000
19.050000
19.900000
19.610000
19.600000
19.940000
19.740000
19.730000
19.790000
19.720000
19.740000
19.750000
19.750000
19.740000
19.750000
19.750000
19.670000
19.500000
19.440000
19.360000
19.140000
19.270000
19.610000
19.700000
19.700000
19.070000
19.330000
19.260000
19.540000
19.350000
19.230000
18.970000
18.950000
18.970000
18.860000
19.000000
19.000000
19.050000
19.130000
19.140000
19.410000
19.340000
19.140000
19.130000
19.060000
19.230000
19.330000
19.260000
19.200000
19.400000
19.210000
19.190000
19.150000
18.850000
18.720000
18.790000
18.860000
18.580000
19.130000
18.970000
18.990000
18.460000
18.530000
18.480000
18.480000
18.410000
18.480000
18.400000
18.470000
18.690000
18.970000
18.800000
18.590000
18.610000
18.720000
18.750000
18.800000
18.740000
18.900000
18.780000
18.890000
18.870000
18.820000
18.570000
18.580000
18.430000
18.250000
18.210000
18.300000
18.380000
18.300000
18.220000
18.180000
18.200000
18.010000
18.190000
18.180000
18.110000
18.040000
18.220000
18.160000
18.070000
18.280000
18.210000
18.430000
18.450000
18.300000
18.220000
18.210000
18.360000
18.230000
18.290000
18.430000
18.340000
18.370000
18.450000
18.470000
18.330000
18.300000
18.360000
18.410000
18.240000
18.210000
18.000000
18.100000
18.210000
18.090000
18.100000
18.090000
18.200000
18.240000
18.400000
18.420000
18.390000
18.340000
18.320000
18.140000
18.060000
17.890000
18.140000
18.360000
18.260000
18.430000
18.350000
18.120000
18.160000
18.150000
18.330000
18.260000
18.350000
18.280000
18.240000
18.200000
18.370000
18.230000
18.290000
18.460000
18.420000
18.430000
18.280000
18.470000
18.210000
18.245000
18.290000
18.270000
18.250000
18.270000
18.240000
18.260000
18.220000
18.370000
18.350000
18.370000
18.480000
18.370000
18.350000
18.460000
18.430000
18.400000
18.220000
18.300000
18.300000
18.030000
18.040000
18.210000
18.350000
18.850000
18.530000
18.770000
19.300000
19.160000
19.350000
19.080000
19.240000
18.800000
19.060000
19.190000
18.840000
18.650000
18.630000
18.640000
18.890000
18.870000
18.549900
18.470000
18.420000
18.420000
18.520000
18.400000
18.500000
18.500000
18.420000
18.330000
18.550000
18.740000
18.430000
18.310000
18.500000
18.320000
18.330000
18.542000
18.160000
18.150000
18.350000
18.390000
18.410000
18.430000
18.200000
18.220000
18.100000
18.040000
18.010000
18.010000
18.020000
18.030000
18.100000
18.400000
18.020000
18.050000
17.860000
18.070000
18.010000
18.040000
17.950000
17.990000
18.140000
18.100000
18.020000
18.310000
18.360000
18.350000
18.300000
18.360000
18.400000
18.410000
18.300000
18.170000
17.960000
18.050000
18.050000
18.100000
18.100000
18.100000
18.100000
18.100000
18.100000
18.100000
18.050000
18.010000
17.750000
17.600000
17.580000
17.700000
17.110000
17.010000
16.800000
17.000000
17.260000
17.300000
17.340000
17.500000
17.320000
17.495000
17.495000
17.340000
17.425000
17.360000
17.460000
17.460000
17.450000
17.450000
17.350000
17.480000
17.300000
17.560000
17.400000
17.430000
17.500000
17.650000
17.550000
17.600000
17.400000
17.500000
17.280000
17.410000
17.010000
17.020000
16.880000
16.650000
16.580000
16.270000
16.275000
15.890000
15.270000
15.210000
15.460000
15.260000
15.700000
15.500000
16.290000
15.580000
15.780000
15.651300
15.700000
15.720000
15.760000
15.889100
15.860000
16.000000
16.010000
16.010000
16.240000
16.160000
16.220000
16.110000
16.240000
16.410000
16.750000
17.750000
17.100000
17.650000
17.750100
18.370000
18.700000
18.730000
18.630000
18.850000
19.350000
19.310000
19.360000
19.600000
19.925100
19.700000
20.370000
20.500000
20.230000
20.030000
20.120200
20.270000
20.140000
20.250000
20.195000
19.900000
19.900000
20.000000
20.330000
19.830000
20.125000
19.800000
19.850000
20.060000
19.970000
19.760000
20.020000
19.700000
19.750000
19.890000
19.900000
19.820000
19.920000
19.850000
20.270000
19.760000
20.270000
20.400000
20.340000
20.600000
20.450000
20.560000
20.290000
19.980000
19.640000
20.010000
19.910000
19.970000
19.750000
20.000000
19.550000
18.910000
19.200000
20.250000
19.840000
20.025000
20.355000
20.350000
20.180000
20.020000
20.200000
21.500000
20.880000
21.100000
20.710000
20.895000
20.950000
20.600000
20.590000
20.360000
20.510000
20.210000
20.210000
20.120000
20.190000
19.970000
20.470000
20.380000
20.380000
20.220000
20.350000
20.120000
20.350000
20.290000
20.300000
20.350000
20.400000
20.530000
20.990000
20.880000
20.350000
20.590000
20.670000
20.620000
20.580000
20.990000
21.490000
21.360000
21.280000
21.360000
21.750000
21.420000
21.500000
21.380000
21.560000
21.590000
21.590000
21.510000
21.300000
21.400000
21.300000
21.020000
21.120000
20.570000
21.010000
20.510000
20.560000
20.770000
20.400000
20.580000
20.370000
20.200000
20.200000
20.380000
20.020000
20.900000
20.700000
20.110000
20.350000
20.830000
20.970000
20.530000
20.100000
20.110000
20.020000
20.740000
20.150000
20.290000
20.010000
20.190000
19.840000
20.440000
20.240000
19.880000
20.470000
20.400000
20.700000
20.890000
21.150000
21.100000
20.930000
20.970000
20.700000
20.700000
20.250000
20.230000
21.000000
20.760000
20.800000
20.750000
20.500000
20.140000
20.300000
20.650000
20.760000
20.410000
20.110000
20.020000
20.150000
20.080000
20.190000
20.200000
20.280000
20.000000
20.470000
20.390000
20.390000
20.290000
19.750000
20.260000
19.980000
20.190000
20.060000
20.360000
20.600000
21.150000
20.910000
21.290000
21.210000
21.220000
20.980000
21.320000
21.450000
21.630000
21.670000
21.810000
21.730000
21.760000
21.880000
22.360000
21.810000
22.080000
21.880000
21.970000
21.800000
21.800000
21.540000
21.820000
22.180000
22.390000
22.250000
22.500000
22.810000
22.630000
22.670000
22.070000
21.800000
21.910000
21.600000
21.830000
22.070000
22.010000
21.890000
21.900000
21.900000
21.990000
21.920000
21.720000
21.810000
21.880000
21.760000
21.510000
21.210000
21.700000
21.630000
21.740000
21.790000
21.830000
22.090000
21.730000
21.660000
22.100000
22.290000
22.230000
22.010000
22.030000
22.210000
22.280000
22.110000
22.110000
22.300000
22.240000
22.210000
22.250000
22.120000
22.100000
22.040000
22.100000
21.890000
21.580000
21.370000
21.010000
19.930000
19.750000
20.530000
19.500000
19.920000
19.310000
18.230000
16.230000
16.800000
15.770000
14.000000
14.640000
13.450000
14.280000
12.270000
14.900000
14.310000
15.800000
15.500000
14.440000
15.750000
14.160000
15.000000
15.230000
12.710000
13.240000
12.100000
12.920000
12.650000
13.040000
13.970000
13.050000
13.100000
12.260000
12.460000
13.700000
13.100000
12.520000
12.400000
12.500000
12.770000
12.910000
13.110000
13.840000
13.050000
13.100000
13.000000
12.900000
12.600000
13.000000
13.190000
12.560000
12.350000
12.260000
12.310000
12.380000
13.000000
12.660000
12.520000
12.550000
12.700000
12.980000
13.510000
12.760000
12.870000
12.750000
12.920000
13.650000
13.610000
15.000000
15.150000
15.100000
14.330000
12.780000
13.050000
14.180000
13.630000
12.850000
13.160000
12.800000
12.960000
12.520000
12.500000
13.120000
12.580000
13.600000
13.410000
13.010000
12.840000
12.870000
12.300000
12.330000
11.930000
12.290000
12.100000
12.360000
12.510000
12.500000
12.230000
12.320000
