25.055000
25.000000
24.880000
24.880000
24.898000
24.800000
24.850000
25.389000
25.390000
25.450000
25.250000
25.560000
25.820000
25.856000
25.790000
26.130000
26.060000
26.080000
26.330000
26.340000
26.520000
26.360000
26.300000
26.378300
26.480000
26.332000
26.496000
26.070000
26.054000
26.100000
25.986000
26.076000
26.210000
26.390000
26.300000
26.240000
26.000000
26.120000
26.070000
25.990000
25.910000
25.910000
26.000000
25.790000
25.758000
25.840000
25.640100
26.010000
26.040000
25.877400
25.560000
25.520000
25.490000
25.640000
25.590000
25.783500
25.625400
25.840000
25.864600
25.982400
26.010000
25.781000
25.860000
25.880000
25.670000
25.529000
25.550000
25.620000
25.489900
25.470000
25.648000
25.350000
25.430500
25.469900
25.540000
25.410100
25.560000
25.565600
25.450100
25.334000
25.218000
25.229400
25.200000
25.341000
25.426000
24.780000
24.840000
24.840000
24.954000
25.140000
25.188000
25.480000
25.450000
25.630000
25.890000
25.960000
26.070500
26.087200
26.170000
26.080000
26.110000
26.009600
25.972700
26.150000
26.060000
26.310000
26.230000
26.230000
26.080000
26.062000
26.060000
26.220000
26.312000
26.489900
26.590000
26.710000
26.420000
26.522400
26.720000
26.714000
26.764400
26.700000
26.820000
26.816000
27.141200
27.040000
26.990000
27.050000
27.150000
27.180000
27.365700
27.347800
27.349900
27.000000
27.219900
27.550000
27.660000
27.620000
27.660000
27.704400
27.664000
27.700000
27.860000
27.990000
28.010000
28.070000
28.091600
27.850000
27.925000
27.810000
28.050000
28.070000
27.860000
27.805700
27.795000
27.866000
27.750000
27.840000
27.658000
27.440200
27.590000
27.750000
27.718000
27.930000
28.090000
28.180000
28.270000
28.200000
28.190000
28.210000
28.390000
28.410000
28.280000
28.254400
28.070000
28.034000
28.140000
28.310000
28.260100
28.730000
28.960000
28.890000
28.840000
28.660000
28.609900
28.578700
28.700000
28.780000
28.689900
28.350000
27.970000
28.082400
28.110000
28.050000
28.185000
28.169900
28.089500
28.080000
28.120100
27.860000
28.075300
28.056400
28.119200
28.130000
28.145000
28.000100
28.269900
28.455000
28.125700
27.720000
27.791500
27.730000
27.536200
27.369900
27.450000
27.641000
27.940000
27.890000
27.924000
28.196200
28.246100
28.280000
28.470000
28.487400
28.620000
28.600000
28.680000
28.544500
28.720000
28.782000
28.940000
28.760000
28.800000
28.706400
28.976400
28.806000
28.490000
28.477200
28.660000
28.280000
28.398400
28.610000
28.589900
28.519900
28.700000
28.512600
28.429900
28.400200
28.130400
28.330000
28.180000
28.279600
28.054800
28.215600
27.970000
27.970000
27.780000
27.880000
27.823200
27.890000
28.180000
27.997300
27.880000
27.813500
27.950000
28.329900
28.586400
28.680000
28.700000
28.930000
28.950000
29.107400
29.050000
29.300600
29.500000
29.629900
29.535200
29.750000
29.390000
29.649000
29.739900
29.710000
29.649000
29.570000
29.600000
29.741100
29.820400
29.870000
29.830000
29.943600
29.860000
29.794000
29.935200
30.072000
30.001700
30.080400
30.150000
30.070400
29.880000
29.950000
29.912000
29.600400
29.957500
29.693600
29.498800
29.474300
30.129900
30.560000
30.825600
30.810000
30.913800
31.064100
31.296800
31.180000
30.801800
30.333300
30.510000
29.930100
29.980000
30.140800
30.510000
30.300000
30.260000
30.129900
30.235600
30.320000
30.630000
30.730800
31.009600
31.079900
31.040000
31.100000
31.050000
30.790000
30.930000
30.584400
30.980000
31.359800
31.030000
31.250000
30.880000
30.808000
31.092000
30.830000
30.895000
30.811000
30.870000
30.980000
30.768000
30.727200
30.672000
30.740000
30.629900
30.584400
30.540000
30.298000
30.364500
30.089200
30.150100
29.380000
29.465000
29.160000
29.010000
29.440000
29.140000
29.420000
29.360000
30.040000
29.680000
30.000000
30.160700
29.825200
29.580000
29.570400
29.520000
29.828400
29.690000
29.750000
29.659400
29.983000
29.810000
29.758600
29.890000
29.970000
29.812000
30.043600
30.326400
30.364000
30.110000
30.400000
30.200000
30.306700
30.532800
30.538200
30.290000
30.670000
30.565800
30.487900
30.636200
30.600000
30.260400
30.130000
30.120700
30.389900
30.169600
30.147200
30.089900
30.360000
30.530400
30.432800
30.273600
30.350000
30.420000
30.290000
29.989800
30.130000
30.130000
29.968900
29.890000
29.900000
29.759900
29.485500
29.220400
29.195300
29.140000
29.400000
29.350100
29.170000
29.020400
29.173100
29.327200
29.560000
29.410000
29.570000
29.449900
29.267600
28.940000
29.130000
28.836000
28.839900
28.920000
29.100000
28.870000
29.430000
29.090000
28.980000
29.180200
29.265500
29.286800
29.160000
29.594900
29.360000
29.270000
28.959200
28.950000
28.719000
28.570000
28.730000
28.940000
29.098300
29.180000
29.339900
29.287300
29.105300
29.205300
29.298300
29.302400
29.610000
29.709900
29.930000
29.830000
29.910000
30.040000
29.936400
29.911500
29.560000
29.010000
27.890000
27.374000
27.810000
28.379900
28.317000
28.349700
27.490400
27.690400
27.930400
27.542800
28.088300
27.757200
27.980000
27.789100
27.753700
28.100100
28.380400
28.480100
28.170000
28.375000
28.058000
27.802000
27.840000
27.970100
27.370000
27.286000
27.719600
27.620000
28.138100
28.686000
28.889200
29.150000
29.530000
29.410000
29.334800
29.170000
29.220000
29.580000
29.690000
29.455500
29.596000
29.402100
29.760000
29.590000
29.348000
29.090000
29.320000
29.340800
29.494800
29.740000
29.860000
29.630000
29.428900
28.880000
28.730000
28.720000
28.646000
28.161100
28.020000
28.563500
28.370900
28.690000
28.700000
28.630000
28.630000
28.850000
28.740000
28.680000
28.729900
28.820000
28.220000
27.870000
28.090000
27.810000
27.620000
27.652500
27.650000
27.159900
27.220000
27.560000
28.069900
27.748000
27.210000
27.210000
27.762000
28.411500
28.343500
28.120000
27.970000
27.680000
27.630000
27.390000
27.610000
27.090000
26.480000
26.283500
26.100000
25.810000
25.296500
26.020000
25.450000
25.300000
24.750000
25.210000
25.874000
25.550000
25.926000
25.780000
26.230000
26.900000
26.990100
26.447400
27.100000
27.240000
27.100000
26.740000
26.362000
26.250100
25.999900
26.349900
26.660100
27.220000
27.530000
27.158000
27.589000
27.360000
27.478900
27.731300
27.710100
27.850000
27.970100
28.429900
28.877400
29.230000
29.486000
29.125000
29.272000
29.410000
29.700000
29.650800
29.470100
29.990000
30.290000
30.290000
30.230000
30.070000
29.690000
29.680100
29.720000
30.070000
30.100000
30.230000
30.010000
29.590000
29.230000
29.540000
29.250000
29.500000
29.500000
30.089900
30.146600
29.890000
29.810000
30.000000
30.390000
30.280000
29.763000
30.100000
29.990000
30.328000
30.810000
30.460000
30.430000
30.340100
30.040000
30.050000
29.870000
29.870000
29.710000
30.060000
30.030000
30.060000
29.800000
30.090000
29.910000
29.350000
29.390000
29.570000
29.495000
29.690000
30.029900
30.020000
30.151000
30.260000
30.300000
30.410000
30.550000
30.870000
31.210000
31.220000
31.284000
30.780000
30.640000
30.600000
30.610000
30.708000
31.030000
31.230000
31.260000
31.100000
31.670000
30.809500
29.979900
30.630000
31.170000
31.550000
31.780000
31.035000
31.250000
31.030000
31.779900
32.035900
32.550100
32.585200
32.630000
32.569900
32.811500
32.749900
32.880000
32.939900
33.100000
33.170000
33.395000
33.220000
33.022400
33.350000
32.976800
32.215000
32.670000
32.610000
32.830000
33.050000
32.709900
32.650000
33.500000
33.480000
33.699900
33.460000
33.340000
33.450000
33.410000
33.170200
33.500000
33.265000
33.277000
33.050000
33.319000
33.080000
32.900000
32.670000
32.880000
33.090000
33.530000
33.510000
32.620000
33.115700
32.470000
32.205000
32.555000
32.585000
32.799900
32.490000
32.930000
33.190100
33.120700
32.780000
32.780000
32.920000
32.616400
32.849900
32.585600
32.070000
32.220000
32.240000
32.040000
32.210000
31.770000
31.780000
31.660000
31.510000
31.480000
31.730000
31.820000
31.760000
31.870000
31.910000
31.750000
31.750000
31.560000
31.590000
31.650000
31.340000
30.860000
30.670000
30.690000
31.260000
31.300000
31.700000
32.070000
32.320000
32.550000
32.780000
32.920000
33.240000
33.200000
33.600000
33.930000
33.980000
34.060000
33.970000
33.890000
33.800000
33.890000
33.800000
34.080000
34.260000
35.070000
35.300000
35.310000
35.050000
35.260000
34.720000
34.890000
34.770000
34.910000
34.970000
34.830000
34.710000
34.810000
34.880000
34.210000
34.390000
34.270000
34.680000
35.070000
34.980000
34.840000
34.550000
34.510000
34.520000
34.520000
34.420000
34.650000
34.690000
34.360000
34.510000
34.480000
34.630000
35.010000
34.810000
34.740000
34.570000
34.840000
34.420000
34.540000
34.810000
34.620000
34.450000
34.590000
34.650000
34.830000
34.890000
34.950000
34.940000
34.950000
35.000000
35.300000
35.300000
35.370000
35.550000
35.550000
35.350000
35.510000
35.460000
35.450000
35.230000
35.000000
34.810000
34.620000
34.890000
34.910000
34.760000
35.260000
35.150000
35.210000
34.846800
34.420000
34.330000
34.190000
34.100000
33.980000
34.220000
34.580000
34.660000
34.676800
34.427000
34.136500
34.060000
34.329000
34.236800
34.430000
34.547200
34.490000
34.290000
34.440000
34.393000
34.330000
34.609500
34.500000
34.649900
34.770000
34.620000
34.600000
34.230000
34.088800
34.191000
34.069000
33.580000
33.950000
34.067900
34.090000
34.245000
33.460000
33.270000
33.438000
33.190000
32.980500
33.010000
33.257700
33.430000
33.306400
33.349800
33.450000
33.309600
33.450000
33.410000
33.830000
33.740000
33.600000
33.338600
33.305800
33.279800
33.870000
34.030000
34.210000
34.040000
33.863000
33.820000
33.890000
33.340000
32.983100
33.220000
33.490000
33.730000
33.700000
33.929600
33.750300
33.850000
34.290000
33.450000
32.960000
33.000000
32.810000
32.740000
32.830000
33.100000
33.320000
33.470000
33.350000
33.560000
33.683600
33.650000
33.360000
33.590000
33.535000
34.100000
33.980000
34.180000
34.087000
33.980000
33.880000
34.087000
34.120000
33.900000
33.690000
32.990000
32.920000
33.170000
32.940000
32.970000
32.340000
32.310000
32.310000
32.630000
32.729900
32.730000
32.990000
33.180000
33.130000
33.200000
33.254300
33.750000
33.526800
33.930000
33.800000
33.810000
34.020000
34.264000
34.527000
34.441700
34.780000
34.610100
34.560000
34.530000
34.364000
34.600000
34.950000
34.940000
34.929800
35.060000
34.875000
34.819800
34.571600
34.520000
34.630000
34.360000
34.336900
34.670000
34.581800
34.460000
34.469800
34.380000
34.422000
34.570000
34.670000
34.939000
34.990000
34.930000
34.580000
34.720000
34.387700
34.280000
34.203600
34.080000
34.380000
34.240000
34.360000
34.229000
34.354100
34.460000
34.600000
34.575000
34.490000
34.330000
34.571300
34.890000
34.931400
34.880000
35.120000
35.090000
35.050000
35.480000
35.990000
36.240000
36.205000
36.750000
36.415000
36.210000
36.320100
36.723000
36.960000
37.080000
37.240900
36.850000
36.960000
37.450000
37.010000
36.890000
36.990000
37.032800
37.320000
37.060000
36.620000
36.590000
37.030000
36.860000
36.580000
36.638000
36.880000
36.740000
36.949900
37.480000
37.570000
37.190000
37.231000
37.085800
37.326800
37.719200
37.869700
37.670000
37.630000
37.930000
37.690000
37.280000
37.320000
36.960000
36.110000
34.800000
35.115000
35.270000
34.250000
34.640000
34.935000
35.200000
35.480000
35.960000
36.005000
35.460100
35.190000
35.350000
35.939800
36.125600
35.770000
35.520000
35.230000
35.775000
36.120000
36.098800
35.830000
35.566300
35.870000
36.030000
35.948400
35.820000
35.650000
35.580000
35.180000
34.970000
34.980000
34.570100
33.990000
34.460000
34.490000
34.860000
35.080000
34.550000
34.880000
35.340000
35.750000
35.260000
35.150000
35.500000
35.422000
35.209600
35.243500
35.724000
35.984000
35.962100
35.715000
35.378300
35.680000
35.680600
35.836000
36.171000
36.520000
36.210000
36.110000
36.140000
36.060000
36.389000
36.130100
35.769700
36.035000
36.390000
36.490000
36.520000
36.440000
36.778200
36.890000
36.670000
37.150000
36.950600
37.045000
37.270000
37.159200
37.255000
37.884900
37.590000
37.820000
38.240000
38.630000
38.480000
38.710000
38.670000
38.740000
38.750000
38.170000
38.350000
38.470000
38.650000
38.450000
38.570000
38.450000
38.440000
38.230000
38.390000
38.220000
38.430000
38.230000
37.970000
38.230000
38.530000
38.830000
38.580000
38.780000
38.490000
38.420000
38.420000
38.340000
38.230000
38.280000
38.570000
38.290000
38.250000
38.300000
38.250000
38.480000
38.240000
38.514000
38.640000
38.240000
38.360000
38.910000
38.874800
38.910000
38.730000
38.680000
38.460000
38.250000
38.520000
38.240000
38.640000
38.950000
39.090000
39.110000
39.009700
39.002500
39.180000
39.260000
39.275000
39.440000
39.260000
39.240000
39.204900
39.430000
39.260000
39.120000
39.260000
39.290000
39.530000
39.710000
39.770000
39.690000
39.660000
39.430000
39.530000
39.470000
39.200000
38.515000
38.480000
38.560000
38.560000
38.900000
38.970000
38.980000
38.940000
39.030000
39.320000
39.170000
38.590000
37.530000
37.630000
37.580000
38.080000
37.890000
37.670000
37.740000
37.640000
37.590000
37.030000
37.140000
36.550000
36.750000
37.090000
37.010300
37.150000
37.020000
37.580000
37.940000
38.200000
37.950000
37.640000
37.190000
37.140000
36.910000
37.030000
37.300000
37.250000
36.680000
36.650000
36.380000
36.810000
36.890000
37.170000
37.320000
37.370000
37.850000
37.050000
36.880000
36.440000
36.350000
36.400000
36.350000
36.410000
36.080000
35.200000
34.890000
34.620000
34.040000
33.450000
32.380000
33.180000
33.420000
33.400000
33.480000
33.620000
33.350000
34.210000
34.510000
34.850000
34.910000
35.280000
35.440000
35.240000
35.400000
35.440000
35.670000
36.040000
35.610000
35.770000
35.750000
36.000000
35.920000
35.950000
36.300000
36.780000
36.780000
36.900000
37.080000
36.990000
36.720000
36.880000
36.950000
37.430000
37.560000
37.550000
37.660000
37.870000
38.150000
38.000000
37.770000
37.700000
37.540000
37.590000
37.460000
37.650000
37.570000
37.520000
37.530000
37.270000
37.200000
37.700000
37.840000
37.970000
37.870000
37.930000
38.070000
37.590000
37.450000
37.960000
37.450000
37.460000
38.040000
37.860000
37.830000
37.890000
38.250000
38.250000
38.230000
38.490000
38.750000
38.800000
38.520000
38.560000
38.590000
38.710000
38.550000
38.840000
38.850000
38.860000
38.790000
39.050000
38.930000
38.560000
38.810000
38.780000
38.850000
38.410000
38.230000
38.670000
38.420000
38.000000
37.810000
37.610000
37.680000
36.890000
37.250000
37.440000
37.500000
37.360000
37.160000
37.560000
37.170000
36.680000
36.620000
36.060000
35.720000
35.540000
34.960000
35.560000
36.440000
36.400000
36.470000
36.570000
36.650000
36.890000
36.700000
37.160000
36.970000
36.970000
37.250000
37.330000
37.710000
37.820000
37.320000
36.890000
36.960000
37.230000
37.660000
37.730000
37.670000
37.960000
37.950000
37.810000
37.670000
37.790000
37.750000
37.960000
37.900000
37.770000
37.330000
37.430000
37.450000
37.350000
37.550000
37.800000
37.680000
37.790000
37.650000
37.700000
37.400000
37.060000
36.700000
35.810000
35.800000
35.690000
36.330000
35.920000
35.420000
35.840000
34.615000
34.390000
34.960000
35.550000
35.180000
35.470000
35.610000
34.540000
34.750000
34.350000
34.830000
35.420000
35.610000
35.390000
35.960000
36.580000
36.760000
37.460000
38.040000
38.410000
38.320000
38.390000
38.480000
38.310000
38.160000
38.030000
37.920000
37.540000
37.250000
37.390000
37.460000
37.560000
37.690000
36.970000
36.150000
36.400000
36.680000
36.530000
35.860000
36.100000
36.620000
37.240000
37.060000
37.310000
37.280000
37.320000
37.380000
37.720000
38.100000
38.240000
38.020000
38.190000
38.240000
38.310000
38.100000
37.610000
38.380000
39.020000
39.160000
38.960000
39.230000
39.190000
39.040000
39.030000
38.720000
38.820000
39.075000
38.900000
38.420000
38.190000
38.199600
38.360000
38.770000
38.640000
38.870000
38.660000
38.400000
37.972000
38.270000
38.330000
38.825000
38.835000
38.690000
38.826800
39.470000
39.130000
39.410000
39.605000
39.680000
39.660000
39.930000
39.510000
39.440000
39.445500
39.380000
39.225200
39.460000
39.376800
39.010000
39.020000
38.941500
38.930000
38.870000
38.780000
39.010000
39.260000
39.320000
39.710000
39.710000
39.300000
39.310000
39.270000
38.730000
37.977600
38.330000
38.140000
37.890000
37.170000
37.100000
37.480000
38.560000
38.530000
38.150000
38.220000
38.460000
38.850000
38.650000
38.500000
38.250000
38.360000
38.670000
38.330000
36.860000
35.300000
34.710000
33.080000
32.880000
33.870000
32.740000
33.610000
32.190000
31.430000
27.970000
29.040000
27.160000
23.600000
25.780000
22.371900
23.610000
21.620000
21.920000
21.260000
19.600000
21.920000
22.807200
24.160000
23.175400
23.610000
23.190000
21.650000
21.900000
21.440000
23.240000
23.920000
25.300000
26.200000
25.560000
25.890000
24.500000
23.950000
25.330000
24.620000
23.950000
24.250000
24.580000
24.920000
25.830000
26.570000
27.770000
26.640000
25.310000
25.360000
25.140000
24.500000
24.980000
26.110000
25.590000
24.930000
23.750000
24.310000
24.190000
26.160000
25.590000
26.360000
26.310000
26.220000
27.650000
28.400000
27.720000
27.380000
27.760000
28.250000
29.250000
29.790000
31.154700
32.350000
31.400000
30.180000
27.430000
28.277500
28.580000
29.240000
28.500000
28.690000
28.391700
28.120000
28.100000
26.741200
27.220000
26.430000
27.070000
27.510000
27.020000
27.250000
27.620000
26.970000
26.870000
25.990000
27.000000
27.030000
27.460000
28.350000
28.420000
28.300000
27.760000
