24.840000
25.000000
24.970000
25.180000
25.130000
25.070000
25.230000
25.360000
25.470000
25.680000
25.670000
25.560000
25.550000
25.610000
25.630000
25.610000
25.710000
25.780000
25.640000
25.710000
25.900000
25.610000
25.680000
25.670000
25.740000
25.810000
25.690000
25.860000
25.850000
25.880000
26.000000
26.080000
25.910000
25.980000
25.950000
25.800000
25.300000
25.580000
25.540000
25.500000
25.100000
25.130000
25.500000
25.720000
25.890000
25.560000
25.710000
25.830000
25.950000
25.790000
25.790000
25.560000
25.670000
25.470000
25.350000
24.460000
24.090000
24.120000
23.510000
23.200000
23.610000
23.480000
24.100000
23.490000
23.130000
21.510000
22.080000
21.000000
18.750000
19.780000
17.720000
18.370000
17.390000
17.710000
17.520000
17.180000
18.590000
19.120000
20.060000
19.430000
19.770000
19.700000
18.850000
19.140000
19.140000
19.770000
19.970000
20.100000
20.520000
20.330000
20.740000
20.050000
20.010000
20.520000
20.200000
19.800000
20.150000
20.100000
20.280000
20.640000
20.790000
21.320000
20.880000
20.360000
20.320000
20.440000
20.440000
20.630000
20.920000
20.900000
20.620000
20.470000
20.280000
20.260000
21.090000
20.840000
21.260000
21.000000
20.940000
21.660000
21.800000
22.020000
22.020000
22.460000
22.740000
23.120000
23.040000
23.450000
23.720000
23.290000
23.180000
21.970000
22.390000
22.460000
22.770000
22.780000
22.770000
22.590000
22.870000
22.950000
22.480000
22.720000
22.480000
22.600000
22.650000
22.660000
22.970000
23.390000
23.000000
23.190000
22.920000
23.120000
22.960000
23.300000
23.550000
23.360000
23.500000
23.683700
