23.890000
23.830000
21.960000
19.200000
16.110000
15.800000
17.460000
17.400000
17.050000
18.140000
19.840000
19.890000
20.640000
21.910000
20.300000
20.220000
21.000000
21.290000
20.950000
20.550000
20.720000
20.350000
19.940000
20.920000
21.950000
21.260000
20.450000
19.590000
19.600000
19.030000
17.900000
17.600000
18.320000
18.780000
19.150000
18.770000
18.790000
19.100000
20.130000
19.200000
19.900000
19.750000
19.700000
19.870000
19.480000
20.450000
21.060000
21.050000
20.540000
20.900000
20.710000
20.170000
20.720000
21.120000
21.980000
20.940000
20.230000
21.055000
20.770000
19.870000
19.560000
20.100000
20.530000
21.400000
21.980000
20.405000
20.600000
20.990000
21.120000
20.460000
20.430000
20.430000
20.240000
20.240000
20.540000
20.750000
20.540000
20.230000
20.050000
20.650000
20.750000
20.720000
20.850000
21.360000
21.000000
21.190000
21.840000
21.410000
21.250000
21.770000
24.900000
24.440000
24.980000
24.630000
29.360000
28.035000
29.840000
30.800000
29.670000
29.490000
29.890000
30.990000
33.400000
34.570000
35.470000
35.320000
34.330000
35.330000
34.350000
32.350000
31.490000
30.310000
31.560000
32.370000
32.050000
31.520000
30.550000
28.530000
29.600000
30.810000
31.360000
31.700000
32.260000
32.630000
30.090000
25.549000
26.410000
27.730000
26.500000
26.630000
26.620000
26.670000
26.830000
27.880000
28.240000
28.450000
26.960000
26.960000
26.220000
25.750000
25.640000
24.030000
22.620000
23.040000
24.490000
24.680000
24.750000
24.920000
24.010000
24.100000
23.910000
23.940000
23.630000
23.460000
23.070000
24.490000
23.210000
23.215000
23.250000
23.080000
22.840000
24.730000
23.600000
23.180000
21.870000
21.830000
22.530000
23.610000
23.890000
23.940000
24.020000
24.360000
24.950000
24.940000
24.660000
24.720000
24.010000
24.070000
23.250000
22.950000
22.820000
22.810000
22.960000
22.730000
22.190000
22.210000
22.330000
22.750000
23.250000
23.920000
23.710000
27.750000
26.660000
25.830000
26.700000
26.490000
27.240000
26.490000
25.270000
24.650000
24.930000
25.140000
25.580000
25.030000
25.160000
25.750000
26.740000
26.390000
26.930000
27.080000
27.660000
27.600000
27.450000
26.870000
26.690000
26.440000
27.120000
27.910000
28.330000
27.070000
27.670000
27.550000
26.600000
25.960000
26.350000
28.200000
27.970000
26.820000
26.720000
28.980000
29.480000
29.550000
30.140000
28.517000
28.760000
30.130000
28.700000
28.370000
27.120000
27.620000
27.860000
28.430000
28.600000
27.320000
26.500000
26.500000
26.010000
27.530000
27.210000
27.710000
27.565000
27.460000
28.110000
28.290000
29.130000
29.020000
29.140000
28.960000
29.730000
28.810000
28.350000
28.170000
28.640000
27.610000
27.580000
27.230000
27.890000
28.690000
28.700000
29.290000
28.490000
28.000000
27.640000
28.170000
28.170000
28.770000
27.340000
27.200000
24.750000
24.240000
23.640000
25.060000
23.820000
25.300000
26.310000
26.230000
26.100000
25.830000
24.260000
22.300000
21.950000
22.960000
23.870000
23.110000
23.730000
24.710000
24.630000
24.740000
24.000000
23.070000
22.940000
23.840000
23.610000
22.970000
22.880000
24.080000
24.340000
24.820000
25.800000
25.770000
26.010000
25.850000
25.630000
26.380000
25.520000
26.190000
24.590000
24.120000
24.390000
23.730000
23.660000
25.370000
26.960000
26.990000
27.880000
27.610000
27.800000
27.940000
28.050000
27.420000
28.340000
27.570000
27.340000
28.030000
28.550000
28.250000
27.980000
28.760000
29.870000
29.370000
28.880000
28.710000
32.460000
32.310000
31.270000
31.840000
30.880000
31.330000
33.640000
33.220000
33.930000
34.940000
33.680000
32.600000
31.760000
32.070000
31.450000
31.660000
32.560000
31.750000
32.740000
32.600000
33.300000
34.420000
34.870000
34.190000
30.890000
31.040000
30.410000
29.450000
28.530000
28.620000
28.000000
27.750000
27.900000
27.570000
27.770000
27.900000
28.570000
28.510000
28.730000
28.560000
28.080000
27.710000
27.120000
26.910000
27.250000
27.620000
28.230000
28.250000
22.790000
26.600000
26.810000
26.760000
26.600000
26.770000
27.420000
27.970000
28.940000
29.330000
29.570000
29.070000
29.580000
30.250000
31.150000
31.800000
31.600000
31.930000
32.580000
31.100000
31.490000
33.170000
33.600000
34.180000
34.970000
34.500000
34.220000
34.530000
33.750000
33.620000
33.810000
33.410000
34.410000
34.040000
33.770000
33.110000
33.120000
33.070000
34.740000
36.010000
36.090000
35.290000
35.000000
35.320000
34.980000
34.960000
35.150000
34.400000
34.080000
37.400000
37.940000
37.850000
37.330000
37.240000
36.580000
38.010000
35.000000
34.480000
33.150000
32.460000
33.090000
33.440000
33.590000
32.250000
32.240000
32.660000
33.160000
33.160000
31.940000
31.820000
32.910000
33.490000
33.340000
33.130000
33.780000
33.940000
32.460000
31.830000
32.470000
30.190000
30.060000
32.960000
32.250000
30.060000
29.430000
29.180000
28.570000
27.560000
28.770000
30.790000
31.020000
30.320000
29.810000
31.690000
30.410000
29.500000
28.150000
27.880000
27.910000
29.220000
28.930000
30.080000
29.120000
29.660000
29.770000
29.390000
29.910000
31.840000
32.090000
33.780000
32.190000
33.785000
33.110000
31.610000
31.960000
31.410000
31.290000
30.400000
30.660000
31.230000
30.990000
31.490000
31.270000
31.510000
32.700000
34.250000
35.960000
33.350000
32.150000
32.270000
31.790000
30.660000
29.840000
28.950000
28.130000
29.510000
27.350000
27.420000
26.250000
26.100000
27.270000
28.270000
30.250000
29.090000
29.410000
29.940000
31.170000
29.420000
29.400000
30.300000
30.010000
29.510000
29.110000
29.950000
30.730000
29.500000
28.320000
28.690000
28.410000
28.410000
28.520000
28.140000
27.940000
28.550000
29.350000
27.370000
27.800000
28.280000
29.480000
30.390000
32.540000
31.340000
31.050000
30.900000
30.020000
30.660000
27.660000
27.540000
28.490000
29.280000
29.160000
29.800000
29.300000
29.400000
28.890000
29.250000
28.370000
28.400000
28.320000
27.640000
27.330000
28.060000
28.819100
28.040000
27.740000
27.850000
28.390000
27.420000
27.520000
27.380000
28.131400
29.245400
28.918200
31.500000
31.150000
31.540000
31.310000
30.320000
31.070000
31.614300
31.380000
30.820000
31.839900
32.920000
33.000000
32.470000
32.130000
32.270000
32.150000
33.230000
33.690000
33.820000
34.620000
33.900000
33.710000
33.900000
34.170000
34.570000
35.280000
35.260000
33.610000
33.810000
34.400000
34.590000
34.610000
34.430000
34.000000
34.280000
33.590000
33.690000
33.220000
33.870000
35.360000
34.770000
34.400000
34.340000
33.680000
33.640000
33.530000
32.910000
33.260000
33.900000
34.100000
34.380000
34.520000
35.190000
36.000000
36.990000
36.980000
38.030000
37.950000
37.520000
37.510000
38.300000
37.740000
38.130000
39.170000
39.480000
39.240000
38.420000
37.890000
38.450000
38.300000
37.040000
39.280000
38.540000
35.160000
36.110000
34.380000
34.430000
35.100000
34.830000
34.650000
35.580000
36.650000
37.690000
38.230000
38.470000
39.100000
39.120000
38.980000
36.850000
35.290000
35.150000
35.080000
35.950000
36.010000
36.620000
37.530000
37.860000
38.160000
37.890000
43.930000
44.340000
41.100000
42.010000
41.370000
41.830000
40.500000
41.860000
43.590000
43.750000
43.300000
45.590000
45.450000
46.970000
47.830000
50.190000
51.010000
50.430000
52.000000
51.200000
54.940000
53.990000
53.280000
54.110000
54.550000
59.500000
55.510000
55.786500
69.400000
76.764000
87.800000
83.240000
84.842000
92.248000
91.500000
89.940000
87.590000
87.240000
92.730000
97.080000
110.334000
104.629000
104.950000
97.760000
92.590000
94.840000
95.370000
97.350000
102.040000
100.050000
94.470000
97.730000
98.180000
100.300000
102.200000
103.390000
104.680000
100.650000
99.550000
101.490000
102.400000
105.720000
109.250000
107.360000
117.179000
117.820000
115.240000
120.090000
121.610000
123.450000
122.270000
125.610000
129.900000
127.260000
109.050000
120.250000
119.030000
119.680000
122.430000
122.740000
121.700000
124.070000
129.390000
134.620000
131.740000
134.280000
135.550000
138.000000
144.680000
142.150000
134.230000
153.480000
153.000000
147.380000
145.430000
139.360000
139.670000
142.000000
144.900000
149.580000
147.860000
157.100000
161.839000
164.220000
167.010000
166.450000
166.060000
169.000000
168.940000
170.622000
169.930000
166.970000
160.700000
166.370000
163.520000
164.930000
165.540000
166.580000
166.230000
166.218000
177.920000
183.390000
181.110000
182.330000
185.238000
188.640000
190.900000
193.370000
193.000000
180.950000
173.310000
180.980000
183.070000
174.730000
168.780000
172.930000
178.700000
179.720000
183.940000
183.560000
182.802000
183.400000
172.600000
171.540000
164.500000
173.150000
169.660000
162.860000
164.470000
159.220000
159.940000
162.170000
175.200000
176.810000
151.160000
139.772000
137.950000
144.698000
137.800000
138.700000
137.600000
135.450000
121.580000
126.090000
121.110000
122.100000
121.380000
120.840000
120.500000
126.940000
127.280000
124.170000
144.700000
138.950000
140.480000
137.360000
141.600000
142.190000
139.650000
147.470000
147.654000
147.940000
152.460000
147.980000
140.720000
143.240000
143.550000
151.410000
155.500000
151.120000
152.440000
150.429000
150.100000
149.560000
147.000000
149.360000
151.280000
147.530000
145.719900
139.340000
161.270000
164.130000
170.970000
170.010000
176.680000
178.560000
181.500000
174.600000
169.620000
178.380000
175.230000
182.840000
181.410000
177.110000
178.730000
174.420000
178.380000
186.530000
196.560000
196.620000
195.320000
199.630000
198.230000
203.700000
193.640000
209.970000
209.600000
217.650000
248.000000
253.000000
252.540000
244.810000
250.560000
254.840000
252.660000
252.940000
246.210000
238.840000
234.410000
241.490000
237.790000
230.970000
233.980000
240.040000
235.840000
234.910000
228.890000
220.170000
220.440000
212.960000
207.320000
212.370000
208.450000
216.970000
230.290000
225.400000
212.225000
207.520000
215.460000
216.930000
204.190000
203.780000
198.090000
193.910000
199.110000
198.120000
204.380000
218.640000
207.990000
207.860000
199.850000
198.510000
206.920000
207.890000
207.730000
210.910000
216.610000
207.280000
201.350000
178.590000
182.260000
184.670000
190.160000
190.620000
188.590000
191.560000
196.090000
195.300000
199.450000
204.880000
207.300000
211.560000
210.240000
210.240000
207.770000
204.700000
204.940000
203.990000
206.900000
208.171000
205.310000
202.300000
204.470000
203.520000
206.420000
224.610000
231.670000
227.120000
227.790000
229.590000
237.220000
232.500000
236.891000
235.600000
239.060000
240.060000
239.720000
229.425000
229.250000
222.660000
219.070000
223.060000
219.460000
218.130000
226.700000
219.580000
217.160000
215.400000
220.020100
220.540000
219.580000
222.490000
223.540000
223.570000
224.820000
225.010000
228.920000
223.300000
233.270000
238.520000
238.490000
248.930100
252.390000
248.130000
259.320000
259.960000
260.310000
261.380000
262.010000
259.940000
256.760000
255.710000
254.340000
256.780000
262.550000
261.740000
263.250000
263.860000
269.700000
284.120000
281.190000
286.040000
277.390000
282.110000
278.480000
281.100000
280.310000
279.200000
253.860000
260.740000
261.380000
263.820000
259.320000
250.030000
250.410000
252.140000
246.950000
246.600000
245.260000
242.680000
240.240000
251.420000
255.210000
260.620000
259.570000
259.280000
257.010000
236.910000
224.590000
227.060000
229.700000
226.350000
227.480000
230.470000
235.340000
231.100000
235.290000
235.240000
221.670000
242.770000
238.100000
238.660000
241.700000
242.590000
238.930000
230.970000
241.220000
240.200000
241.930000
251.080000
249.100000
251.700000
258.680000
253.980000
257.700000
247.740000
248.710000
242.780000
246.720000
248.090000
248.440000
244.520000
231.640000
231.430000
229.300000
228.280000
223.710000
214.360000
216.890000
209.840000
208.880000
207.000000
204.040000
197.810000
205.820000
218.260000
219.290000
222.600000
220.970000
222.260000
227.820000
225.710000
222.230000
222.410000
219.310000
210.090000
211.280000
210.950000
210.615000
206.660000
202.210000
204.250000
192.690000
191.870000
193.070000
191.930000
196.570000
201.620000
201.290000
206.550000
205.980000
199.370000
205.200000
203.600000
210.940000
218.360000
218.550000
220.990000
217.360000
217.480000
216.290000
212.800000
202.880000
203.770000
204.350000
204.460000
211.705000
217.110000
207.335000
204.110000
203.760000
207.190000
203.340000
197.325000
199.560000
202.435000
200.630000
193.880000
190.880000
190.320000
193.740000
191.070000
188.680000
195.700000
194.730000
200.710000
195.650000
198.080000
199.630000
201.720000
194.300000
190.405000
185.000000
190.570000
188.770000
187.590000
191.000000
203.100000
203.250000
207.670000
210.090000
210.900000
209.780000
207.460000
207.830000
206.700000
206.790000
205.270000
209.410000
219.440000
218.600000
218.425000
231.550000
230.480000
232.450000
226.050000
226.030000
230.510000
232.950000
230.430000
236.800000
236.610000
239.490000
244.740000
243.180000
244.100000
248.840000
248.750000
247.140000
244.350000
245.620000
247.730000
247.455000
247.430000
251.450000
250.800000
249.450000
248.350000
248.990000
245.920000
249.140000
256.290000
256.000000
250.700000
251.410000
250.690000
250.380000
253.120000
260.410000
261.890000
262.510000
259.790000
267.670000
265.170000
268.790000
267.090000
262.020000
268.260000
269.150000
280.020000
279.720000
267.880000
254.960000
257.920000
259.150000
262.160000
265.650000
263.140000
266.680000
274.660000
282.260000
266.770000
267.870000
267.200000
265.410000
253.010000
264.820000
263.820000
266.790000
266.150000
259.990000
266.280000
270.130000
246.130000
242.510000
241.140000
237.370000
238.170000
242.510000
243.150000
254.990000
260.720000
255.250000
242.180000
230.770000
218.870000
220.030000
224.840000
242.990000
248.480000
249.060000
238.630000
247.690000
245.570000
241.930000
248.170000
248.910000
248.480000
250.240000
253.190000
253.570000
262.250000
262.070000
260.620000
264.200000
260.940000
261.060000
263.120000
256.910000
248.430000
246.650000
248.400000
239.880000
247.570000
246.150000
241.460000
231.960000
226.720000
220.690000
215.580000
219.250000
216.880000
221.310000
227.010000
228.100000
213.030000
210.090000
211.720000
209.090000
215.260000
210.350000
212.960000
211.630000
206.930000
213.790000
208.350000
231.630000
231.770000
232.360000
225.330000
216.500000
219.080000
212.940000
207.190000
214.310000
214.000000
221.070000
221.800000
220.010000
217.750000
218.250000
229.640000
231.610000
230.260000
237.190000
231.990000
232.710000
230.380000
231.130000
226.720000
224.520000
227.070000
217.020000
218.580000
221.090000
234.510000
233.390000
230.460000
232.560000
229.950000
229.700000
230.570000
228.950000
237.190000
238.090000
240.010000
223.410000
223.430000
219.040000
215.650000
211.000000
207.850000
209.970000
200.310000
206.180000
204.990000
204.720000
198.700000
199.970000
202.550000
196.380000
193.560000
188.070000
189.700000
191.200000
196.940000
182.780000
173.480000
175.330000
162.600000
147.990000
148.250000
143.670000
150.470000
151.040000
155.170000
168.680000
166.770000
166.580000
177.740000
177.210000
179.000000
187.430000
190.340000
191.930000
186.350000
188.340000
195.740000
201.040000
205.290000
202.600000
208.720000
205.180000
207.500000
215.150000
218.340000
221.930000
226.380000
232.740000
238.320000
234.240000
222.580000
227.750000
230.260000
230.130000
226.890000
229.770000
237.590000
246.990000
255.470000
265.420000
257.200000
250.070000
249.920000
247.820000
254.530000
251.860000
254.510000
253.880000
247.370000
249.970000
248.290000
253.750000
251.820000
253.740000
251.470000
247.710000
240.760000
241.800000
232.320000
222.560000
211.530000
214.930000
208.920000
208.690000
208.960000
207.280000
207.610000
208.290000
204.660000
211.170000
215.210000
220.280000
216.220000
217.910000
219.580000
225.120000
223.040000
223.230000
219.560000
218.960000
218.990000
220.680000
232.340000
235.520000
229.360000
218.790000
217.870000
214.960000
217.700000
217.930000
215.470000
219.700000
219.610000
196.660000
196.400000
193.150000
198.550000
201.790000
210.190000
212.280000
216.500000
213.980000
214.440000
215.940000
216.780000
224.780000
224.650000
222.530000
221.530000
220.400000
226.250000
225.260000
228.360000
220.500000
222.270000
230.010000
229.510000
228.490000
230.610000
234.790000
230.010000
227.200000
225.790000
230.610000
230.030000
226.160000
229.080000
225.650000
224.910000
225.610000
225.590000
223.610000
223.240000
223.510000
225.000000
222.930000
224.840000
222.620000
220.960000
219.990000
215.200000
211.340000
212.010000
200.770000
197.780000
202.830000
201.710000
197.360000
194.470000
198.300000
196.050000
196.410000
200.420000
205.400000
206.340000
204.640000
205.220000
206.430000
207.450000
208.990000
205.810000
206.270000
200.700000
204.030000
213.700000
211.410000
208.460000
201.000000
196.610000
200.950000
200.100000
201.510000
200.240000
196.510000
193.960000
199.100000
203.560000
199.100000
200.090000
202.760000
202.340000
202.240000
204.010000
199.970000
197.730000
190.790000
188.020000
187.420000
190.560000
193.210000
194.940000
190.060000
185.350000
188.560000
181.450000
183.770000
183.930000
188.660000
185.020000
184.520000
191.170000
193.140000
196.650000
196.120000
189.570000
189.400000
181.880000
181.470000
186.800000
185.850000
193.150000
192.290000
192.180000
192.430000
198.150000
198.690000
197.580000
202.490000
202.730000
208.790000
207.700000
208.450000
213.340000
219.530000
219.740000
214.680000
213.690000
216.990000
226.990000
226.750000
229.010000
231.280000
229.870000
229.730000
229.590000
237.750000
235.580000
238.360000
243.760000
244.730000
248.920000
254.610000
254.470000
252.510000
252.950000
250.630000
251.930000
249.240000
251.550000
251.330000
257.770000
257.480000
262.080000
269.200000
269.230000
280.600000
280.980000
279.760000
268.950000
272.230000
277.390000
273.510000
255.990000
257.000000
246.230000
249.990000
250.020000
250.480000
251.570000
251.210000
248.590000
246.870000
244.900000
243.690000
246.170000
258.000000
255.730000
262.050000
261.500000
261.920000
250.680000
255.010000
254.780000
263.160000
270.220000
277.450000
277.380000
277.920000
278.300000
298.520000
303.700000
295.000000
298.700000
302.540000
312.390000
308.710000
296.840000
304.000000
301.440000
300.250000
305.520000
302.510000
305.600000
308.030000
313.790000
310.170000
308.630000
314.070000
322.830000
318.890000
311.020000
295.460000
308.350000
307.190000
321.260000
325.220000
323.100000
324.810000
315.880000
317.010000
306.110000
313.060000
310.830000
310.350000
303.860000
310.220000
316.830000
325.140000
335.100000
341.010000
340.370000
339.850000
347.320000
352.850000
359.650000
370.000000
357.320000
359.010000
375.950000
380.660000
375.340000
371.400000
369.800000
372.240000
376.400000
382.610000
383.450000
377.490000
362.370000
371.240000
360.750000
361.610000
352.620000
327.090000
308.830000
313.220000
316.050000
327.220000
329.520000
323.410000
327.780000
319.570000
328.240000
325.260000
329.920000
328.400000
342.520000
339.600000
343.850000
334.460000
335.070000
323.470000
319.570000
325.890000
347.090000
356.910000
355.170000
365.220000
363.530000
355.400000
357.870000
363.800000
362.330000
362.910000
351.920000
347.460000
337.860000
341.350000
352.770000
352.930000
348.050000
345.660000
347.360000
353.180000
355.900000
355.400000
349.590000
344.530000
350.610000
343.400000
363.690000
362.750000
366.230000
377.640000
379.810000
385.000000
375.100000
373.910000
366.480000
351.090000
344.990000
345.250000
340.970000
339.600000
341.100000
341.530000
348.140000
355.010000
355.330000
356.880000
342.940000
355.590000
354.600000
355.680000
355.570000
350.600000
355.750000
359.650000
351.810000
345.100000
337.020000
337.340000
325.840000
326.170000
320.870000
320.080000
331.530000
321.080000
299.260000
306.090000
302.780000
306.050000
304.390000
302.990000
302.990000
315.400000
308.700000
311.300000
312.500000
315.050000
308.740000
317.810000
312.600000
315.550000
316.810000
317.550000
307.540000
308.850000
306.530000
305.200000
303.700000
313.260000
311.240000
315.130000
328.910000
341.030000
339.030000
337.890000
343.450000
338.870000
331.100000
328.980000
331.660000
325.200000
317.290000
311.640000
315.360000
311.350000
320.530000
317.250000
314.620000
316.580000
336.410000
333.690000
334.800000
337.950000
336.220000
340.060000
347.160000
344.570000
350.020000
351.560000
352.790000
345.890000
337.640000
342.850000
349.530000
345.820000
354.310000
349.250000
343.750000
333.130000
333.970000
345.000000
315.230000
310.420000
315.730000
323.660000
322.310000
334.065000
335.490000
334.770000
333.300000
346.170000
352.050000
357.420000
350.990000
343.060000
330.930000
335.120000
333.350000
328.200000
332.300000
329.100000
327.170000
345.510000
341.840000
326.630000
325.600000
321.350000
313.560000
310.550000
316.530000
309.100000
301.540000
304.180000
279.180000
257.780000
266.130000
252.480000
267.530000
286.940000
305.720000
299.300000
289.660000
304.700000
300.930000
294.080000
300.340000
291.210000
287.690000
293.350000
300.080000
290.240000
283.370000
283.460000
280.690000
285.480000
294.075000
293.900000
299.920000
301.150000
284.450000
294.090000
302.770000
301.970000
306.850000
305.020000
301.060000
291.970000
284.180000
286.480000
284.540000
276.820000
284.490000
275.010000
279.070000
277.850000
278.850000
283.760000
291.720000
284.730000
291.820000
296.740000
291.130000
319.500000
316.090000
317.660000
332.100000
342.770000
344.780000
357.720000
358.170000
370.830000
352.550000
362.220000
347.510000
333.630000
333.010000
342.000000
344.500000
349.930000
342.950000
335.070000
310.860000
309.160000
308.900000
318.510000
322.470000
318.960000
316.710000
318.870000
310.100000
322.690000
323.850000
320.230000
313.580000
303.200000
297.430000
308.740000
306.650000
297.180000
290.170000
298.140000
300.840000
349.540000
348.170000
341.990000
379.570000
370.340000
352.450000
355.490000
356.410000
347.640000
338.690000
335.450000
305.500000
308.440000
321.900000
321.640000
320.100000
322.820000
319.270000
311.860000
305.010000
303.150000
301.660000
288.950000
280.740000
280.950000
263.240000
285.500000
279.440000
290.540000
289.460000
295.200000
294.840000
284.960000
299.020000
298.330000
299.100000
299.680000
300.990000
309.580000
307.520000
264.770000
310.700000
301.020000
294.800000
281.830000
261.950000
250.560000
262.800000
256.880000
252.230000
258.780000
259.590000
276.590000
271.780000
263.910000
260.000000
260.950000
294.140000
288.500000
314.860000
330.900000
334.850000
329.900000
337.320000
344.280000
346.410000
341.400000
341.060000
348.160000
351.400000
350.510000
331.280000
338.730000
344.000000
348.440000
354.310000
353.470000
347.490000
338.190000
325.830000
346.000000
343.920000
347.870000
341.170000
350.480000
358.490000
359.700000
363.060000
357.965000
365.150000
366.760000
366.600000
376.790000
365.710000
348.420000
337.030000
332.970000
315.380000
319.770000
295.390000
326.090000
316.130000
333.870000
332.800000
310.120000
300.360000
317.690000
334.960000
335.350000
338.530000
344.970000
347.260000
334.400000
344.430000
346.050000
347.310000
302.260000
298.920000
287.590000
291.510000
297.040000
296.380000
297.460000
308.770000
307.020000
312.210000
312.890000
321.350000
317.220000
307.510000
305.800000
312.840000
311.810000
308.170000
303.770000
307.880000
305.640000
302.560000
291.230000
294.710000
298.770000
297.860000
314.740000
319.880000
294.790000
285.360000
276.540000
276.240000
276.590000
284.140000
290.920000
283.360000
288.960000
289.960000
275.430000
269.490000
267.470000
273.600000
274.020000
264.530000
260.420000
267.770000
274.830000
278.620000
279.860000
289.180000
285.880000
291.810000
267.780000
274.960000
273.200000
272.310000
276.060000
268.420000
267.700000
266.380000
273.360000
271.230000
273.260000
262.750000
263.900000
258.660000
247.630000
235.140000
241.470000
238.690000
234.010000
244.100000
255.030000
255.340000
247.060000
244.840000
241.980000
239.520000
227.010000
232.310000
231.950000
228.330000
211.030000
205.360000
205.080000
192.730000
195.490000
190.630000
188.700000
189.860000
188.220000
185.160000
178.970000
193.600000
196.590000
205.950000
204.500000
212.880000
217.100000
209.260000
213.910000
214.920000
225.030000
224.740000
226.430000
219.620000
221.860000
223.640000
219.760000
219.270000
222.840000
223.460000
227.170000
224.550000
234.900000
233.100000
230.340000
230.060000
238.920000
238.600000
245.080000
253.500000
252.380000
254.860000
253.540000
258.180000
255.680000
260.170000
264.880000
228.820000
228.040000
235.770000
242.260000
241.610000
233.850000
234.340000
228.320000
230.750000
233.420000
238.300000
235.010000
229.010000
235.000000
219.620000
215.640000
219.940000
226.830000
225.860000
220.830000
222.150000
211.400000
215.000000
214.080000
215.590000
221.710000
225.610000
225.010000
220.680000
229.580000
227.450000
231.790000
235.540000
247.100000
245.870000
245.200000
242.810000
244.790000
243.490000
246.600000
240.620000
241.230000
223.210000
228.700000
242.560000
242.130000
240.870000
244.690000
243.130000
233.030000
231.430000
237.720000
240.050000
244.530000
244.740000
247.890000
256.960000
257.890000
259.750000
261.970000
256.950000
253.500000
255.580000
254.680000
299.680000
328.130000
327.710000
316.220000
315.010000
314.920000
313.310000
317.470000
317.220000
326.580000
335.540000
337.140000
345.090000
349.930000
346.110000
349.350000
352.170000
349.990000
359.520000
352.220000
354.830000
333.040000
336.340000
328.920000
331.290000
329.940000
334.870000
336.200000
333.030000
330.370000
335.890000
339.530000
348.840000
352.700000
359.680000
358.390000
381.500000
378.990000
393.150000
404.040000
405.590000
419.220000
425.250000
430.940000
430.380000
414.700000
418.330000
430.260000
443.010000
451.540000
469.060000
492.140000
481.340000
478.150000
524.860000
537.920000
518.500000
513.490000
510.500000
547.200000
569.560000
572.200000
564.820000
558.020000
566.900000
580.990000
640.810000
650.570000
780.000000
887.060000
734.700000
748.960000
748.070000
771.280000
774.380000
767.290000
804.000000
800.030000
858.400000
917.420000
899.410000
901.000000
833.790000
799.910000
778.800000
679.000000
667.990000
743.620000
745.510000
749.500000
724.540000
703.480000
608.000000
645.330000
634.230000
560.550000
546.620000
445.070000
430.200000
361.220000
427.640000
427.530000
434.290000
505.000000
539.250000
528.160000
514.360000
502.130000
524.000000
481.560000
454.470000
480.010000
516.240000
545.450000
548.840000
573.000000
650.950000
709.890000
729.830000
745.210000
753.890000
746.360000
686.720000
732.110000
705.630000
725.150000
798.750000
769.120000
800.510000
781.880000
701.320000
761.190000
768.210000
782.580000
780.040000
819.420000
811.290000
809.410000
790.960000
803.330000
799.170000
813.630000
808.010000
815.560000
827.600000
816.880000
818.870000
820.230000
805.810000
835.000000
898.100000
881.560000
882.960000
864.380000
885.660000
949.920000
940.670000
1025.050000
972.840000
935.280000
990.900000
982.130000
991.790000
1003.960000
1000.900000
994.320000
1001.780000
960.850000
985.980000
959.740000
1009.350000
1079.810000
1119.630000
1208.660000
1371.580000
1389.860000
1365.880000
1394.280000
1544.650000
1497.060000
1516.800000
1546.010000
1500.640000
1500.840000
