34.060000
35.250000
35.440000
35.000000
35.500000
36.120000
36.120000
38.120000
37.880000
36.500000
36.870000
38.000000
36.940000
37.310000
37.120000
37.250000
37.250000
37.250000
36.370000
36.250000
35.810000
36.190000
39.060000
40.690000
40.000000
39.620000
38.190000
38.620000
38.500000
37.940000
36.810000
36.560000
37.500000
38.060000
39.000000
40.560000
39.940000
40.940000
43.000000
44.000000
44.560000
44.370000
45.000000
47.370000
47.690000
48.000000
46.000000
47.750000
49.690000
49.000000
49.810000
50.810000
55.190000
53.810000
53.440000
52.620000
54.620000
59.690000
65.500000
63.250000
58.870000
54.310000
51.870000
58.120000
57.940000
68.620000
66.940000
66.560000
64.000000
61.000000
64.690000
61.500000
62.000000
61.870000
62.060000
62.620000
59.750000
56.500000
55.000000
56.000000
58.310000
57.370000
59.810000
61.500000
60.500000
65.000000
61.500000
57.940000
59.870000
58.940000
55.620000
55.000000
53.000000
50.750000
55.000000
59.500000
51.500000
55.940000
56.250000
58.060000
56.870000
60.120000
59.750000
57.310000
55.620000
57.000000
54.500000
52.000000
53.940000
56.120000
54.940000
53.560000
52.560000
47.500000
45.000000
39.810000
44.250000
49.000000
46.440000
46.560000
44.690000
50.000000
48.500000
50.560000
52.310000
51.060000
49.000000
46.500000
46.000000
48.000000
47.620000
46.750000
43.250000
44.120000
43.870000
36.000000
40.630000
38.630000
37.810000
37.310000
36.000000
34.690000
33.000000
33.060000
32.630000
36.560000
35.310000
36.630000
37.380000
37.560000
36.250000
37.500000
38.060000
40.750000
38.250000
37.750000
38.130000
36.690000
36.060000
38.500000
38.440000
37.500000
37.000000
36.810000
37.060000
37.500000
38.000000
37.250000
38.560000
38.750000
36.630000
37.380000
36.690000
35.000000
36.630000
35.940000
35.310000
36.250000
36.500000
35.440000
35.380000
33.940000
31.940000
30.380000
30.880000
31.000000
27.880000
28.250000
30.380000
29.630000
29.810000
29.250000
29.940000
29.880000
29.940000
30.000000
29.310000
31.250000
31.810000
31.750000
34.000000
35.500000
36.500000
36.380000
35.000000
35.880000
37.500000
35.750000
36.500000
36.250000
34.380000
35.000000
32.560000
32.560000
30.940000
31.060000
29.630000
29.880000
28.630000
28.560000
28.500000
27.310000
25.630000
26.630000
26.690000
22.500000
25.630000
25.310000
23.630000
23.000000
22.000000
20.440000
19.440000
19.810000
20.500000
21.810000
22.750000
21.440000
20.630000
20.060000
18.880000
21.000000
19.190000
18.500000
17.310000
21.250000
22.810000
22.440000
23.130000
21.690000
23.130000
21.690000
21.060000
22.690000
21.380000
23.560000
23.940000
24.500000
25.060000
24.440000
23.500000
21.310000
21.500000
23.250000
23.000000
20.310000
20.310000
18.190000
19.000000
18.440000
20.310000
19.500000
18.310000
18.190000
16.810000
17.690000
17.250000
18.880000
18.130000
18.000000
19.810000
20.060000
19.310000
18.690000
18.630000
18.630000
17.750000
18.060000
17.130000
16.630000
17.130000
16.940000
17.190000
17.310000
17.250000
17.630000
19.310000
19.310000
20.130000
19.880000
21.000000
22.000000
22.000000
22.380000
21.810000
23.560000
25.250000
25.060000
24.000000
24.940000
24.750000
24.130000
22.310000
21.780000
23.070000
24.140000
23.850000
23.130000
21.990000
20.580000
20.050000
21.070000
20.530000
21.270000
21.750000
22.470000
23.270000
22.280000
21.110000
20.770000
20.650000
20.150000
20.250000
19.370000
18.830000
17.920000
18.600000
19.020000
21.460000
20.840000
19.850000
18.560000
18.020000
19.820000
19.550000
20.030000
19.790000
19.560000
18.900000
18.750000
19.900000
20.950000
20.390000
20.260000
19.570000
19.650000
19.500000
17.550000
16.820000
16.590000
18.400000
17.490000
17.140000
18.190000
19.810000
20.270000
19.220000
18.940000
22.230000
21.780000
20.900000
20.150000
20.200000
20.390000
20.440000
21.800000
24.240000
24.790000
24.560000
23.500000
23.000000
22.750000
22.780000
22.200000
22.200000
21.500000
20.410000
20.130000
20.370000
21.270000
20.750000
21.100000
21.400000
21.150000
21.300000
20.850000
20.520000
19.530000
19.860000
19.890000
19.600000
20.980000
20.550000
22.300000
22.160000
21.580000
21.350000
21.310000
20.900000
21.220000
20.190000
19.940000
19.120000
18.750000
19.200000
19.540000
13.700000
13.990000
14.500000
15.190000
15.150000
15.220000
14.560000
14.010000
14.260000
14.140000
14.180000
15.040000
14.810000
14.220000
14.660000
14.070000
14.700000
14.060000
13.400000
13.160000
13.620000
14.400000
15.200000
15.310000
16.300000
17.050000
16.990000
16.450000
15.920000
15.630000
15.420000
15.490000
15.910000
15.940000
16.150000
15.720000
16.000000
14.920000
14.870000
13.900000
12.400000
12.260000
12.000000
12.250000
12.880000
12.550000
12.520000
12.980000
12.750000
12.530000
12.700000
12.940000
12.670000
10.550000
9.850000
9.560000
9.030000
9.450000
10.270000
9.280000
9.350000
8.880000
9.490000
9.170000
8.850000
9.600000
9.260000
9.290000
9.640000
9.540000
10.000000
11.200000
10.900000
10.550000
11.610000
11.800000
11.290000
11.330000
12.130000
12.290000
12.900000
13.250000
13.900000
13.310000
12.560000
12.910000
13.270000
13.450000
14.270000
14.200000
14.500000
14.800000
14.490000
14.450000
15.340000
15.200000
15.610000
16.250000
16.170000
15.220000
15.850000
15.700000
16.600000
16.360000
15.320000
16.100000
15.930000
16.300000
17.530000
19.080000
18.840000
18.730000
17.970000
18.410000
18.950000
17.900000
18.420000
18.410000
18.280000
17.500000
17.010000
16.200000
16.000000
16.340000
16.760000
16.950000
17.170000
17.480000
18.580000
19.170000
18.850000
19.490000
19.500000
18.600000
18.540000
18.210000
18.140000
17.360000
18.090000
17.590000
17.670000
18.080000
18.250000
18.260000
18.310000
17.800000
17.670000
16.970000
17.020000
16.830000
16.900000
17.260000
16.610000
16.620000
17.200000
17.280000
17.650000
18.350000
17.680000
16.650000
16.740000
16.010000
16.180000
16.640000
16.240000
16.560000
16.250000
17.410000
19.110000
19.500000
19.620000
19.660000
20.100000
20.310000
19.700000
18.930000
18.720000
19.100000
19.240000
19.450000
19.250000
19.950000
19.570000
19.430000
19.760000
19.840000
20.750000
20.600000
20.050000
19.760000
19.830000
19.760000
19.580000
19.160000
18.750000
18.390000
19.000000
19.200000
20.200000
20.600000
20.050000
19.630000
19.340000
19.370000
19.100000
18.500000
17.950000
17.720000
17.700000
18.200000
17.270000
16.450000
16.150000
16.680000
18.340000
17.610000
17.860000
18.000000
18.850000
18.350000
18.350000
18.850000
18.190000
17.700000
17.600000
17.460000
17.390000
17.280000
16.850000
16.700000
16.580000
15.500000
15.310000
15.350000
14.410000
14.350000
14.350000
14.150000
14.600000
14.900000
14.700000
14.850000
14.680000
12.590000
12.560000
12.360000
12.700000
12.990000
12.900000
12.900000
13.000000
12.050000
11.110000
12.150000
13.650000
13.500000
12.910000
12.710000
13.520000
13.450000
13.690000
13.540000
13.300000
12.300000
11.250000
11.200000
10.710000
11.140000
9.080000
8.850000
9.150000
9.100000
9.120000
8.860000
8.350000
7.100000
8.210000
8.450000
8.800000
9.120000
8.830000
8.890000
9.300000
9.610000
9.950000
10.010000
9.330000
9.450000
9.180000
8.750000
8.850000
8.480000
8.250000
8.350000
8.170000
7.710000
7.970000
7.510000
7.720000
7.890000
8.480000
8.150000
7.720000
7.550000
7.320000
7.220000
7.100000
6.950000
6.650000
6.450000
6.620000
6.880000
6.590000
6.360000
6.350000
6.520000
6.230000
5.890000
5.780000
5.400000
5.500000
5.350000
5.700000
6.010000
6.060000
7.240000
6.890000
7.350000
7.350000
7.480000
6.950000
7.760000
7.670000
8.020000
8.060000
7.670000
7.950000
7.820000
8.090000
8.850000
8.440000
9.310000
8.850000
8.680000
7.830000
8.200000
7.850000
8.400000
8.540000
8.380000
8.000000
8.320000
8.800000
8.980000
8.860000
8.500000
9.090000
9.250000
9.440000
9.140000
8.980000
8.670000
8.800000
8.450000
8.550000
8.400000
8.080000
7.700000
7.940000
7.780000
7.350000
7.340000
7.440000
7.450000
7.380000
7.420000
7.250000
6.990000
7.050000
7.280000
7.450000
7.650000
7.680000
7.350000
7.750000
8.000000
8.300000
8.270000
8.560000
8.100000
7.590000
7.550000
7.600000
8.200000
7.740000
7.490000
7.150000
7.200000
6.850000
6.700000
6.880000
6.800000
7.120000
6.790000
6.680000
6.470000
6.470000
6.510000
6.400000
6.850000
7.070000
6.980000
7.410000
7.470000
7.270000
7.200000
7.060000
6.990000
7.090000
7.270000
6.980000
6.770000
6.840000
6.960000
6.860000
7.010000
7.170000
7.720000
7.700000
7.870000
8.210000
8.190000
8.310000
8.490000
7.950000
8.090000
7.580000
7.650000
7.400000
6.840000
6.900000
7.460000
7.500000
7.490000
7.750000
7.620000
7.540000
7.460000
7.380000
7.560000
7.390000
7.710000
7.820000
7.960000
8.180000
8.250000
7.740000
7.580000
7.690000
8.600000
8.370000
8.510000
8.860000
8.810000
8.700000
8.540000
8.230000
8.730000
8.900000
8.970000
9.030000
9.200000
8.950000
8.500000
8.470000
8.420000
8.730000
8.640000
9.120000
9.470000
9.700000
10.140000
10.180000
9.540000
10.110000
10.570000
10.640000
10.250000
10.390000
10.190000
10.370000
10.000000
10.160000
10.600000
10.660000
10.650000
10.510000
10.130000
9.970000
10.020000
10.020000
9.960000
10.080000
10.400000
10.940000
10.830000
11.050000
10.470000
10.620000
10.000000
10.110000
10.380000
10.340000
10.420000
9.920000
9.860000
9.590000
9.880000
10.070000
9.860000
9.850000
9.930000
9.670000
9.480000
10.000000
10.100000
10.130000
9.910000
10.000000
10.000000
9.440000
9.520000
9.680000
10.010000
10.160000
10.250000
10.710000
10.890000
10.950000
11.410000
11.460000
11.450000
11.460000
11.800000
11.700000
11.780000
12.110000
11.760000
11.900000
12.290000
12.920000
12.480000
11.770000
12.180000
12.050000
11.300000
11.700000
11.660000
11.720000
11.580000
11.200000
11.290000
10.950000
10.840000
10.850000
11.030000
10.830000
11.000000
11.370000
11.970000
11.980000
11.760000
11.460000
11.350000
11.740000
11.860000
11.630000
11.420000
11.530000
11.110000
11.170000
11.090000
10.710000
10.500000
10.490000
10.440000
11.560000
11.630000
11.350000
11.060000
11.470000
11.420000
11.640000
11.380000
11.420000
10.770000
10.620000
11.000000
10.980000
10.880000
10.650000
10.680000
10.700000
10.520000
10.700000
10.890000
10.930000
10.920000
10.870000
11.080000
11.300000
11.200000
11.140000
10.790000
10.560000
10.120000
9.850000
10.350000
10.100000
9.960000
9.800000
9.450000
9.780000
9.900000
9.990000
9.950000
9.880000
9.870000
10.020000
10.120000
10.240000
10.680000
10.910000
10.920000
10.810000
11.200000
11.350000
11.180000
10.740000
10.890000
11.000000
11.340000
11.630000
11.480000
11.340000
11.000000
11.450000
11.280000
11.200000
10.960000
11.180000
10.920000
10.700000
10.320000
10.650000
11.060000
10.940000
11.030000
10.980000
10.890000
10.630000
10.790000
10.640000
10.530000
10.410000
10.300000
10.410000
10.580000
10.490000
10.390000
10.890000
11.200000
11.000000
11.270000
11.200000
10.780000
10.670000
10.400000
10.160000
10.540000
10.250000
10.220000
10.280000
10.380000
10.180000
9.300000
9.900000
10.250000
10.280000
9.980000
10.390000
10.470000
10.440000
10.320000
10.530000
10.820000
10.760000
10.630000
10.480000
10.660000
10.610000
10.750000
10.470000
10.330000
10.330000
10.250000
10.530000
10.810000
11.250000
10.940000
10.670000
10.250000
9.960000
9.530000
9.600000
9.880000
9.650000
9.450000
9.570000
9.360000
9.800000
9.690000
9.660000
9.420000
8.980000
9.160000
9.370000
9.300000
9.400000
9.400000
9.560000
9.840000
10.040000
10.150000
9.940000
9.720000
9.300000
9.340000
9.690000
9.660000
9.240000
9.080000
7.570000
7.750000
7.450000
7.380000
7.400000
7.250000
7.600000
7.900000
7.790000
7.970000
7.830000
8.140000
8.310000
7.950000
7.810000
7.500000
7.840000
7.750000
7.850000
7.590000
7.630000
7.160000
7.100000
7.010000
6.950000
7.100000
6.980000
7.210000
6.720000
6.640000
6.850000
6.770000
7.010000
7.120000
7.110000
7.100000
7.120000
7.120000
6.880000
6.900000
7.120000
6.940000
6.840000
6.870000
6.980000
6.980000
7.330000
7.390000
7.470000
7.550000
7.440000
7.680000
7.700000
7.690000
7.610000
7.550000
7.490000
7.600000
7.060000
7.110000
7.060000
7.330000
7.630000
7.620000
7.580000
7.420000
7.420000
7.540000
7.640000
7.750000
7.450000
7.570000
7.290000
7.160000
7.100000
7.190000
7.140000
7.500000
7.640000
7.520000
7.470000
7.320000
7.050000
7.140000
6.900000
6.920000
6.890000
6.930000
6.960000
7.180000
7.150000
7.340000
7.040000
7.130000
7.070000
7.390000
7.440000
7.570000
7.610000
7.840000
8.000000
8.170000
8.280000
8.110000
8.080000
7.970000
7.980000
8.200000
8.150000
8.100000
8.600000
8.770000
8.440000
8.230000
8.180000
8.270000
8.150000
8.140000
7.970000
8.180000
8.300000
8.280000
8.370000
8.270000
8.100000
7.930000
7.870000
8.050000
8.110000
8.160000
8.200000
8.200000
8.110000
8.200000
8.280000
8.330000
8.300000
8.310000
8.450000
8.470000
8.490000
8.400000
8.080000
7.920000
7.850000
7.890000
7.910000
7.800000
7.860000
7.700000
7.910000
8.110000
7.910000
7.900000
7.830000
7.680000
7.810000
8.050000
8.170000
8.210000
8.750000
8.860000
9.000000
8.730000
9.030000
8.980000
9.060000
8.930000
8.990000
9.200000
9.120000
9.160000
9.140000
8.850000
8.970000
8.860000
8.900000
9.090000
9.430000
9.120000
9.210000
9.060000
8.900000
8.800000
9.090000
8.840000
8.850000
8.770000
8.740000
8.580000
8.500000
8.560000
8.590000
8.510000
8.450000
8.280000
8.290000
8.380000
8.450000
8.250000
8.370000
8.480000
8.560000
8.430000
8.450000
8.410000
8.470000
8.630000
8.600000
8.610000
8.520000
8.320000
8.190000
8.110000
8.180000
8.070000
8.240000
8.100000
8.160000
8.570000
8.560000
8.510000
8.610000
8.710000
8.650000
8.890000
9.080000
9.020000
9.050000
8.810000
8.750000
8.720000
9.020000
8.950000
8.940000
9.030000
9.280000
9.300000
9.170000
9.280000
9.140000
9.190000
9.210000
9.210000
9.300000
9.490000
9.530000
9.670000
9.580000
9.610000
9.750000
9.700000
9.000000
8.990000
8.960000
9.120000
9.180000
9.240000
9.210000
9.410000
9.430000
9.370000
9.250000
9.250000
9.130000
9.120000
9.180000
8.970000
8.970000
8.790000
8.900000
9.180000
9.400000
9.280000
9.380000
9.360000
9.220000
9.300000
9.380000
9.320000
9.210000
9.010000
8.690000
8.590000
8.670000
8.590000
8.620000
8.890000
8.930000
8.650000
8.560000
8.510000
8.580000
8.650000
8.640000
8.600000
8.520000
8.370000
8.460000
8.240000
8.370000
8.430000
8.370000
8.210000
8.230000
8.300000
8.240000
8.170000
8.230000
8.230000
8.260000
8.260000
8.090000
8.230000
8.360000
8.400000
8.490000
8.460000
8.470000
8.250000
8.310000
8.260000
8.140000
7.940000
7.980000
8.000000
7.880000
7.800000
8.050000
8.220000
8.290000
8.400000
8.330000
8.290000
8.420000
8.260000
8.130000
8.040000
8.040000
7.930000
7.940000
7.910000
7.820000
7.640000
7.800000
7.960000
7.870000
7.740000
7.740000
7.990000
8.080000
8.050000
8.400000
8.530000
8.570000
8.600000
8.630000
8.880000
8.870000
8.840000
8.790000
8.870000
8.780000
9.010000
9.120000
9.170000
9.460000
9.480000
9.390000
9.290000
9.300000
9.580000
9.780000
9.700000
9.850000
9.940000
9.900000
9.810000
9.790000
9.830000
9.830000
9.270000
9.720000
9.700000
9.590000
9.690000
9.890000
9.850000
10.090000
9.880000
9.880000
9.890000
9.910000
10.100000
10.180000
10.350000
10.800000
10.930000
10.610000
10.780000
10.440000
10.390000
10.110000
9.950000
10.210000
9.870000
9.820000
10.040000
9.820000
10.480000
10.820000
10.840000
10.800000
10.690000
10.400000
10.280000
10.530000
10.410000
10.450000
10.370000
10.250000
9.930000
10.060000
10.010000
10.160000
9.980000
10.090000
9.900000
9.890000
9.890000
10.020000
9.730000
10.050000
9.950000
9.800000
9.690000
9.450000
9.390000
9.400000
9.640000
9.610000
9.780000
9.950000
9.600000
9.580000
9.480000
9.490000
9.500000
9.500000
9.630000
9.630000
9.560000
9.870000
10.050000
10.060000
10.320000
10.360000
10.480000
10.550000
10.430000
10.470000
10.210000
10.390000
10.550000
10.700000
10.910000
10.850000
10.880000
10.800000
10.680000
10.460000
10.610000
10.680000
10.480000
10.480000
10.520000
10.730000
10.950000
11.260000
11.160000
10.720000
10.470000
10.370000
10.160000
10.040000
9.980000
9.880000
9.790000
9.850000
9.460000
9.520000
9.460000
9.480000
9.360000
9.290000
9.470000
9.680000
9.790000
9.280000
9.310000
9.140000
9.010000
8.780000
8.620000
8.470000
8.900000
9.120000
9.090000
9.020000
8.470000
8.660000
8.670000
8.710000
8.720000
8.590000
8.550000
9.050000
9.180000
9.260000
8.960000
8.980000
8.760000
8.880000
8.960000
8.870000
8.570000
8.500000
8.240000
8.320000
8.570000
8.460000
8.000000
8.400000
8.400000
8.450000
8.370000
8.680000
8.670000
8.610000
8.640000
8.650000
8.550000
8.420000
8.510000
8.450000
8.800000
8.650000
8.870000
9.260000
9.470000
9.590000
9.480000
9.280000
9.360000
9.090000
9.010000
8.940000
8.990000
9.010000
9.220000
9.310000
9.340000
9.380000
9.080000
9.050000
8.960000
9.010000
9.310000
9.480000
9.500000
9.510000
9.920000
9.670000
9.860000
9.640000
9.500000
9.790000
9.720000
9.570000
9.660000
9.600000
9.670000
9.460000
9.570000
9.850000
9.710000
9.720000
9.800000
9.810000
10.090000
10.300000
10.330000
10.020000
9.780000
9.710000
9.740000
9.890000
9.920000
9.970000
9.980000
9.700000
9.670000
9.700000
9.460000
9.500000
9.550000
9.550000
9.610000
9.630000
9.480000
9.480000
9.580000
9.860000
9.900000
10.010000
9.980000
10.010000
10.080000
10.310000
10.480000
10.270000
10.270000
10.470000
10.750000
10.620000
11.080000
11.180000
11.030000
11.000000
10.920000
10.870000
10.690000
10.570000
10.710000
10.740000
10.830000
10.620000
10.580000
10.760000
10.750000
10.920000
11.010000
10.990000
10.930000
10.970000
10.970000
10.690000
10.750000
10.620000
10.680000
10.910000
11.250000
11.310000
11.490000
11.250000
11.290000
11.060000
11.250000
11.480000
10.760000
10.930000
10.770000
10.910000
10.910000
11.010000
10.940000
10.850000
10.970000
11.160000
11.120000
10.950000
10.680000
10.730000
11.150000
11.170000
11.230000
11.350000
11.480000
11.550000
11.390000
11.390000
10.940000
11.100000
10.930000
10.640000
10.110000
10.610000
10.500000
10.780000
10.750000
11.120000
10.960000
11.060000
11.150000
11.020000
11.040000
11.310000
11.550000
11.340000
11.370000
11.430000
11.120000
10.820000
10.800000
10.750000
10.780000
10.900000
10.780000
10.970000
10.870000
10.810000
10.770000
10.800000
10.700000
10.770000
10.660000
10.670000
10.550000
10.520000
10.580000
10.790000
10.950000
11.030000
10.690000
10.540000
10.690000
10.620000
10.710000
10.700000
10.700000
10.500000
10.530000
10.420000
10.410000
10.230000
10.280000
10.500000
10.680000
10.530000
10.510000
10.660000
10.530000
10.420000
10.470000
10.630000
10.660000
10.910000
11.080000
10.990000
10.830000
10.780000
10.710000
10.570000
10.460000
10.270000
10.380000
10.600000
10.820000
10.670000
10.700000
10.800000
11.230000
10.980000
10.990000
11.010000
11.140000
11.170000
11.130000
11.280000
11.390000
11.390000
11.480000
11.730000
11.450000
11.400000
11.690000
11.660000
11.680000
11.740000
11.360000
11.230000
10.900000
11.020000
10.900000
10.900000
10.220000
10.100000
10.280000
10.150000
9.940000
10.100000
9.700000
10.020000
9.890000
10.270000
9.780000
9.900000
10.030000
9.600000
9.190000
9.110000
9.700000
9.720000
9.670000
9.880000
9.950000
10.040000
9.720000
9.400000
9.730000
9.530000
9.920000
10.120000
9.970000
10.120000
9.720000
9.730000
9.800000
9.850000
10.040000
9.980000
9.820000
10.230000
10.110000
10.080000
10.250000
10.270000
10.120000
10.060000
10.280000
10.120000
10.430000
10.520000
10.380000
10.410000
10.690000
10.610000
10.700000
10.780000
10.210000
10.040000
10.000000
9.970000
10.180000
10.100000
9.740000
9.710000
10.020000
9.770000
9.780000
9.910000
10.510000
10.400000
10.650000
10.500000
10.390000
10.200000
10.430000
10.160000
9.900000
9.810000
9.590000
9.990000
9.840000
9.650000
9.750000
9.530000
9.660000
9.270000
9.490000
9.490000
9.430000
9.750000
9.750000
9.920000
9.770000
9.700000
10.010000
10.260000
10.300000
10.130000
9.930000
10.000000
9.860000
9.650000
9.400000
9.630000
9.680000
9.670000
9.810000
9.820000
9.940000
9.800000
9.900000
9.960000
9.570000
9.440000
8.930000
8.750000
8.760000
9.060000
9.080000
8.890000
9.050000
8.770000
8.480000
8.390000
8.640000
7.990000
8.560000
8.690000
8.700000
8.700000
8.900000
8.890000
9.250000
9.750000
9.770000
9.140000
9.110000
9.250000
9.240000
9.420000
9.540000
9.710000
9.700000
9.710000
9.810000
9.770000
9.600000
9.680000
9.870000
10.130000
10.240000
10.030000
9.740000
9.630000
10.020000
10.300000
10.170000
10.070000
9.940000
10.520000
10.280000
10.190000
9.880000
9.700000
10.150000
9.790000
10.320000
11.100000
10.950000
10.730000
10.320000
10.170000
10.270000
10.600000
10.470000
10.660000
10.430000
10.490000
10.340000
10.190000
10.510000
10.280000
10.200000
10.360000
10.960000
10.920000
11.070000
11.070000
10.760000
10.660000
10.730000
10.730000
10.910000
10.830000
11.240000
11.320000
11.290000
11.140000
11.490000
11.140000
11.040000
10.960000
11.240000
11.410000
11.300000
11.450000
11.650000
11.560000
11.260000
11.150000
11.200000
10.890000
11.280000
11.540000
11.550000
11.450000
11.450000
11.330000
11.580000
11.900000
11.600000
11.240000
10.940000
10.920000
11.040000
11.230000
11.270000
11.160000
11.060000
11.130000
10.800000
10.880000
10.930000
11.390000
10.770000
10.870000
10.910000
10.910000
10.600000
10.250000
10.160000
10.180000
9.940000
10.150000
10.300000
10.050000
9.790000
9.860000
10.360000
10.240000
10.380000
9.920000
10.140000
9.880000
10.020000
9.770000
9.840000
9.800000
9.500000
9.540000
9.390000
9.790000
10.250000
10.340000
10.510000
10.670000
10.630000
10.400000
10.490000
10.570000
10.350000
10.200000
10.220000
10.200000
10.240000
10.100000
10.060000
10.140000
10.060000
9.710000
9.360000
9.070000
8.650000
9.030000
9.350000
8.780000
8.990000
8.800000
9.090000
8.800000
9.020000
8.860000
9.370000
9.980000
9.620000
9.310000
9.430000
9.560000
9.250000
8.700000
9.370000
9.320000
8.780000
8.450000
8.440000
8.000000
8.190000
7.540000
8.250000
8.700000
8.350000
7.550000
7.510000
7.740000
7.940000
7.400000
6.880000
6.940000
6.460000
6.360000
7.700000
7.340000
7.910000
8.260000
8.050000
8.380000
7.760000
7.370000
7.780000
7.660000
7.400000
7.100000
7.500000
6.960000
6.720000
6.500000
6.130000
5.850000
6.510000
6.700000
6.650000
7.190000
7.150000
6.570000
6.340000
6.540000
6.420000
6.720000
6.940000
7.130000
7.500000
7.300000
7.740000
7.670000
8.390000
8.190000
7.860000
7.790000
7.530000
7.530000
7.500000
7.560000
7.670000
7.950000
7.900000
8.220000
8.060000
8.400000
7.710000
7.540000
7.490000
7.340000
7.670000
7.370000
7.370000
7.450000
6.990000
7.150000
7.450000
7.720000
7.650000
7.900000
8.120000
7.680000
7.540000
7.510000
7.800000
7.930000
8.110000
8.690000
8.490000
8.120000
8.310000
8.390000
8.290000
7.720000
7.970000
7.630000
7.500000
7.340000
7.640000
7.630000
7.680000
7.540000
7.450000
7.780000
8.040000
8.090000
8.250000
7.740000
8.350000
8.660000
8.860000
8.820000
8.730000
8.980000
9.080000
8.780000
8.520000
9.280000
9.110000
9.010000
9.320000
9.250000
8.890000
8.950000
9.380000
10.240000
10.290000
9.800000
9.440000
9.590000
9.820000
9.980000
9.760000
9.590000
9.590000
9.600000
9.200000
9.180000
9.260000
9.170000
9.070000
9.140000
9.270000
10.080000
10.570000
10.780000
11.840000
11.160000
11.050000
10.390000
10.440000
10.370000
10.150000
10.010000
10.300000
10.020000
10.550000
10.640000
10.520000
10.410000
10.530000
10.760000
10.920000
11.140000
10.940000
11.490000
10.880000
10.380000
10.290000
10.240000
10.210000
10.520000
10.440000
10.530000
10.040000
9.460000
9.120000
9.220000
9.300000
9.230000
9.080000
9.240000
9.540000
9.620000
9.570000
9.550000
9.410000
9.440000
9.370000
9.350000
9.200000
9.180000
9.460000
9.680000
9.690000
9.820000
9.790000
9.850000
9.930000
10.060000
9.870000
10.320000
10.320000
10.290000
10.290000
10.240000
10.100000
10.770000
10.470000
10.580000
10.470000
10.280000
10.160000
10.230000
10.210000
10.220000
10.420000
10.950000
10.560000
10.350000
10.400000
10.310000
10.440000
10.440000
10.780000
10.760000
10.530000
10.540000
10.780000
10.700000
10.560000
10.610000
10.720000
10.810000
11.060000
11.100000
11.130000
10.930000
10.790000
10.910000
11.000000
10.890000
10.870000
10.770000
10.880000
10.770000
10.420000
10.450000
10.700000
10.790000
10.960000
10.550000
10.350000
10.420000
10.370000
10.170000
9.920000
10.050000
9.910000
10.200000
10.350000
10.060000
9.830000
9.930000
9.930000
10.200000
10.180000
10.010000
10.020000
9.870000
9.620000
9.910000
9.540000
9.580000
9.510000
9.680000
9.790000
9.790000
9.950000
10.020000
10.450000
10.450000
10.590000
10.800000
10.690000
10.780000
10.420000
10.390000
10.510000
10.410000
10.480000
10.310000
10.390000
10.510000
10.860000
10.590000
10.800000
10.880000
10.840000
10.900000
10.930000
10.730000
10.830000
10.800000
10.840000
10.800000
11.110000
11.150000
11.290000
11.150000
11.270000
11.160000
11.240000
11.280000
11.440000
11.580000
11.530000
11.490000
11.110000
11.100000
11.040000
10.700000
10.980000
10.870000
10.600000
10.960000
10.800000
10.590000
10.090000
10.150000
10.000000
9.990000
10.050000
10.160000
10.080000
9.960000
10.060000
9.680000
9.560000
9.610000
9.600000
9.700000
9.890000
9.710000
9.910000
10.020000
10.060000
10.020000
10.000000
9.850000
9.820000
9.750000
9.750000
9.950000
9.950000
9.860000
9.870000
10.130000
10.230000
10.250000
10.340000
10.500000
10.330000
10.140000
10.290000
10.420000
10.340000
10.090000
10.180000
10.270000
10.330000
10.420000
10.360000
10.540000
10.550000
10.490000
10.600000
10.730000
10.830000
10.850000
10.620000
10.620000
10.590000
10.670000
11.250000
11.130000
10.850000
10.840000
10.900000
10.840000
10.970000
10.960000
10.990000
10.600000
10.500000
10.560000
10.590000
10.660000
10.090000
9.960000
9.770000
9.890000
10.300000
10.170000
10.230000
10.250000
9.870000
9.970000
9.730000
9.820000
9.630000
9.790000
9.600000
9.570000
9.460000
9.890000
9.750000
9.850000
10.080000
9.910000
9.620000
9.430000
9.510000
9.560000
9.790000
9.800000
9.850000
10.270000
10.310000
10.290000
10.200000
10.360000
10.090000
10.150000
9.940000
10.020000
10.040000
9.810000
9.760000
9.790000
9.890000
9.840000
10.000000
10.090000
10.150000
10.070000
10.140000
10.150000
10.150000
9.920000
10.130000
10.300000
10.100000
10.380000
10.460000
10.570000
10.440000
10.460000
10.180000
10.100000
10.260000
10.230000
10.220000
10.120000
9.960000
9.950000
9.930000
9.730000
9.770000
9.700000
9.770000
9.880000
9.770000
9.640000
9.680000
9.690000
9.540000
9.470000
9.430000
9.650000
9.420000
9.400000
9.580000
9.470000
9.770000
9.500000
9.520000
9.510000
9.480000
9.860000
9.930000
9.880000
9.960000
9.910000
10.070000
9.900000
9.800000
9.660000
9.980000
9.890000
10.090000
10.280000
10.140000
10.250000
10.210000
10.410000
10.300000
10.280000
10.360000
10.340000
10.270000
10.430000
10.370000
10.340000
10.300000
10.200000
10.330000
10.410000
10.600000
10.680000
10.620000
10.650000
10.760000
10.910000
10.890000
10.840000
10.930000
11.260000
11.180000
11.000000
11.140000
11.250000
11.060000
11.050000
11.060000
10.860000
10.890000
11.040000
11.080000
11.130000
10.740000
11.000000
11.000000
10.810000
10.750000
11.110000
11.540000
11.970000
11.890000
11.830000
11.910000
12.030000
12.080000
11.900000
11.910000
12.120000
12.320000
12.690000
12.330000
12.390000
12.300000
12.230000
12.310000
12.240000
12.310000
12.400000
12.540000
12.590000
12.630000
12.360000
12.870000
13.070000
13.220000
13.420000
13.510000
13.370000
13.680000
13.550000
13.530000
13.260000
13.270000
13.450000
13.220000
13.240000
13.310000
13.110000
13.070000
13.210000
13.340000
13.360000
13.620000
13.660000
13.420000
13.090000
12.840000
12.940000
12.890000
12.820000
12.890000
13.070000
12.810000
12.410000
12.280000
12.120000
12.290000
12.290000
12.180000
12.210000
12.260000
12.410000
12.200000
12.350000
12.520000
12.110000
12.210000
12.160000
11.910000
11.430000
11.610000
11.750000
11.940000
11.820000
12.040000
12.280000
12.240000
12.170000
12.060000
12.110000
12.180000
12.210000
12.180000
12.460000
12.770000
12.720000
12.650000
12.510000
12.230000
12.260000
12.310000
12.210000
11.950000
11.960000
12.450000
12.560000
12.280000
12.560000
13.290000
13.410000
13.500000
13.510000
13.460000
13.440000
13.550000
13.750000
13.670000
13.750000
13.500000
13.820000
13.590000
13.470000
13.390000
13.530000
13.450000
13.410000
13.120000
13.150000
13.170000
13.340000
13.260000
13.660000
13.680000
13.700000
13.640000
13.680000
13.880000
13.720000
13.560000
13.050000
12.990000
13.330000
13.120000
13.000000
12.720000
12.900000
13.270000
12.920000
12.840000
12.400000
12.530000
12.820000
12.350000
12.610000
12.910000
12.720000
12.530000
12.760000
12.620000
12.370000
12.240000
12.440000
12.150000
12.220000
12.140000
12.220000
12.470000
12.570000
12.980000
12.750000
12.900000
12.560000
12.310000
12.360000
12.530000
12.190000
12.160000
11.580000
11.560000
10.940000
11.500000
11.070000
11.520000
11.460000
11.670000
11.520000
11.510000
11.050000
10.940000
11.240000
11.840000
11.740000
11.350000
11.810000
12.130000
11.970000
11.970000
11.890000
11.660000
11.520000
12.050000
12.000000
11.880000
11.940000
11.960000
11.820000
12.110000
12.410000
12.220000
12.120000
11.920000
11.520000
11.710000
11.560000
12.020000
11.770000
11.810000
11.430000
11.310000
11.740000
11.820000
11.830000
11.800000
12.020000
11.860000
12.160000
12.170000
12.300000
12.010000
12.210000
12.110000
11.810000
12.180000
12.480000
12.190000
12.250000
12.950000
12.740000
12.620000
12.450000
12.720000
12.900000
12.980000
13.000000
12.930000
12.480000
12.670000
12.950000
12.980000
13.080000
12.740000
12.710000
12.660000
12.560000
12.560000
12.200000
12.070000
12.550000
12.400000
12.920000
13.210000
13.120000
13.220000
12.940000
13.220000
12.940000
13.080000
12.930000
12.720000
12.550000
12.500000
12.760000
12.320000
12.660000
12.710000
12.910000
12.920000
13.020000
12.920000
13.020000
12.910000
13.260000
13.140000
13.260000
13.150000
13.380000
13.770000
13.660000
13.830000
13.750000
13.460000
13.830000
14.260000
13.970000
14.010000
13.930000
14.160000
14.230000
14.110000
13.980000
14.080000
14.190000
13.910000
14.050000
13.990000
14.050000
14.190000
14.280000
13.840000
14.110000
14.180000
14.320000
14.530000
14.620000
14.380000
14.480000
14.140000
14.370000
14.390000
14.690000
14.520000
14.640000
14.590000
14.330000
14.160000
14.400000
14.610000
14.600000
14.400000
14.870000
14.810000
14.940000
14.790000
15.160000
14.940000
15.210000
15.030000
14.990000
15.380000
15.370000
15.180000
15.080000
15.280000
15.400000
15.220000
15.000000
15.240000
14.860000
14.620000
14.790000
14.920000
15.100000
15.100000
15.210000
15.280000
15.250000
15.110000
14.890000
14.860000
14.910000
15.820000
16.150000
15.580000
15.530000
16.100000
15.700000
15.440000
15.420000
15.160000
15.130000
15.390000
15.390000
15.080000
14.790000
14.920000
14.700000
14.280000
14.420000
14.400000
14.080000
13.960000
13.980000
14.150000
13.930000
13.730000
13.060000
13.020000
13.210000
13.500000
13.540000
13.460000
13.410000
13.700000
13.550000
13.470000
13.670000
13.960000
14.110000
14.130000
13.580000
13.830000
13.380000
13.310000
13.540000
13.440000
13.960000
14.270000
14.440000
13.650000
13.500000
13.500000
13.280000
13.150000
12.800000
12.890000
12.670000
12.690000
13.140000
12.860000
12.650000
12.780000
12.910000
13.010000
13.360000
13.680000
13.490000
13.970000
13.880000
13.870000
14.180000
14.240000
14.170000
14.090000
14.330000
14.490000
14.310000
14.400000
14.420000
14.450000
14.400000
14.500000
14.650000
14.400000
14.330000
14.370000
14.380000
14.310000
14.350000
14.250000
14.700000
14.380000
14.180000
14.410000
14.510000
14.700000
14.920000
14.970000
15.030000
15.360000
14.990000
15.090000
15.040000
14.800000
14.800000
14.830000
14.800000
14.990000
15.600000
15.820000
15.900000
16.000000
16.050000
16.160000
16.070000
15.530000
15.360000
15.120000
15.030000
15.120000
15.290000
15.450000
15.600000
15.550000
15.220000
15.330000
15.220000
15.150000
15.380000
15.500000
15.900000
16.110000
15.770000
15.880000
16.200000
16.170000
16.130000
16.360000
16.450000
16.180000
15.920000
16.050000
16.190000
16.340000
16.250000
16.260000
16.840000
16.620000
16.830000
16.900000
17.130000
17.270000
17.080000
16.750000
16.960000
17.050000
17.030000
16.880000
17.190000
17.060000
17.110000
16.950000
16.940000
16.980000
17.090000
17.100000
16.950000
16.930000
16.920000
16.980000
17.130000
17.160000
18.100000
18.090000
17.960000
17.700000
17.540000
17.540000
18.180000
18.150000
18.010000
17.890000
17.800000
18.260000
18.140000
18.160000
18.270000
17.810000
17.750000
17.520000
17.760000
17.800000
17.740000
18.070000
17.900000
18.180000
18.040000
18.300000
18.450000
18.480000
18.500000
18.410000
18.570000
18.530000
19.150000
18.890000
18.690000
18.900000
18.250000
17.810000
18.180000
18.250000
18.250000
18.140000
18.330000
18.120000
18.050000
17.910000
17.720000
17.730000
18.000000
18.050000
17.640000
17.240000
17.080000
17.250000
16.890000
17.070000
16.950000
17.070000
17.170000
17.190000
17.080000
17.110000
16.740000
16.830000
16.730000
16.840000
16.950000
17.190000
17.340000
17.310000
16.890000
17.240000
17.080000
17.940000
18.800000
18.500000
18.280000
18.440000
18.690000
18.530000
18.830000
19.080000
19.110000
19.530000
19.410000
19.550000
19.470000
20.210000
20.210000
20.170000
19.930000
19.890000
19.800000
19.450000
19.510000
19.370000
19.230000
18.890000
18.750000
18.860000
19.050000
19.240000
18.970000
18.660000
18.710000
18.940000
18.660000
18.600000
18.690000
18.810000
18.520000
18.360000
18.270000
17.990000
18.120000
18.430000
17.990000
17.410000
17.180000
16.930000
17.530000
17.640000
17.930000
18.320000
18.450000
18.500000
18.120000
18.210000
17.600000
17.840000
17.840000
18.540000
18.440000
18.400000
18.430000
18.450000
16.810000
16.490000
16.620000
16.740000
17.020000
17.180000
16.900000
16.700000
16.970000
16.980000
17.250000
16.800000
16.820000
16.590000
16.170000
16.220000
16.210000
16.050000
16.270000
16.060000
16.000000
15.970000
15.810000
15.830000
15.750000
16.060000
16.220000
16.260000
15.980000
16.260000
16.670000
16.560000
16.900000
16.860000
17.180000
17.010000
17.300000
17.480000
17.440000
17.280000
17.330000
17.620000
17.680000
17.610000
17.600000
17.310000
17.650000
17.560000
17.320000
17.320000
17.070000
16.960000
17.420000
17.470000
17.700000
17.680000
17.620000
17.460000
17.260000
17.670000
18.090000
18.010000
18.150000
18.280000
18.650000
19.080000
18.980000
19.160000
18.720000
18.680000
18.470000
18.610000
18.770000
18.580000
18.410000
18.470000
18.340000
18.080000
18.270000
18.130000
18.010000
17.730000
17.810000
17.610000
17.500000
17.660000
17.700000
17.570000
17.550000
17.020000
17.130000
17.170000
17.460000
17.580000
17.730000
17.400000
17.530000
17.540000
17.400000
17.620000
17.570000
17.370000
17.480000
17.120000
17.080000
17.110000
17.080000
17.000000
17.050000
16.990000
17.140000
17.190000
17.180000
17.260000
17.580000
17.440000
17.150000
16.950000
16.900000
16.910000
17.090000
16.760000
16.900000
16.910000
17.380000
17.560000
18.150000
17.770000
17.690000
17.960000
17.700000
17.570000
17.150000
17.160000
17.010000
17.140000
16.920000
16.770000
16.740000
16.460000
16.990000
17.160000
17.260000
17.390000
17.380000
17.450000
17.890000
17.790000
17.760000
17.690000
17.740000
17.690000
17.620000
17.830000
18.010000
18.070000
18.030000
18.040000
18.390000
18.870000
18.770000
18.960000
18.770000
19.430000
19.270000
18.900000
19.110000
19.180000
18.880000
18.850000
18.530000
18.640000
19.120000
19.090000
19.420000
19.640000
20.020000
20.320000
20.040000
19.940000
19.770000
19.740000
19.980000
20.150000
19.820000
19.890000
20.260000
20.510000
20.150000
20.720000
20.560000
20.560000
20.410000
20.560000
19.910000
20.300000
20.100000
20.100000
19.770000
19.620000
19.660000
20.000000
20.330000
20.510000
20.410000
20.590000
20.640000
20.580000
20.660000
20.770000
20.660000
20.510000
20.500000
20.640000
20.660000
20.890000
20.860000
20.700000
20.560000
20.660000
21.240000
21.100000
21.200000
21.090000
21.210000
21.300000
21.130000
21.110000
21.090000
21.210000
21.260000
21.350000
21.690000
21.150000
20.850000
20.780000
21.030000
21.020000
21.280000
21.390000
21.970000
22.380000
22.710000
22.670000
22.570000
22.420000
22.950000
22.810000
22.660000
22.470000
20.930000
20.200000
20.480000
20.430000
20.710000
20.680000
20.890000
20.350000
20.370000
20.540000
20.720000
20.000000
20.200000
20.510000
19.800000
20.040000
19.910000
19.790000
20.050000
19.990000
20.330000
20.530000
20.450000
20.470000
20.740000
20.840000
20.620000
20.830000
20.680000
20.800000
20.910000
20.910000
20.940000
21.080000
21.350000
21.190000
21.180000
21.070000
21.050000
21.030000
20.900000
20.340000
20.240000
20.480000
20.620000
20.920000
20.520000
20.360000
20.340000
20.590000
20.110000
20.140000
19.950000
20.180000
20.100000
20.290000
20.830000
20.820000
20.380000
20.600000
20.470000
19.440000
19.670000
20.140000
20.070000
20.720000
20.720000
20.870000
21.390000
21.240000
21.300000
21.180000
21.360000
21.590000
21.590000
21.110000
22.020000
21.900000
21.950000
22.030000
21.800000
21.820000
22.260000
22.200000
22.050000
22.340000
22.400000
21.910000
22.050000
22.530000
22.760000
23.060000
22.940000
22.910000
23.180000
23.470000
22.940000
22.570000
22.930000
22.820000
22.740000
22.500000
22.580000
22.190000
22.140000
21.970000
21.940000
21.440000
21.640000
21.790000
22.200000
22.370000
22.210000
22.350000
22.310000
22.380000
22.440000
22.380000
22.280000
21.740000
21.360000
21.670000
21.810000
21.200000
20.790000
21.050000
21.060000
22.890000
22.600000
23.090000
23.210000
23.710000
23.990000
24.160000
24.190000
23.930000
23.290000
22.710000
22.940000
23.150000
23.580000
23.660000
23.100000
22.670000
23.860000
24.290000
24.470000
24.840000
24.770000
24.710000
24.520000
24.440000
24.220000
25.040000
25.040000
24.680000
24.530000
24.630000
24.500000
24.330000
24.460000
24.090000
23.450000
23.050000
23.490000
23.530000
23.880000
24.280000
24.310000
24.710000
24.660000
24.770000
24.800000
24.500000
23.180000
23.200000
22.940000
23.250000
23.480000
23.230000
23.690000
23.540000
23.390000
23.200000
23.440000
23.500000
23.330000
23.180000
23.510000
23.240000
23.220000
23.270000
23.330000
23.840000
24.300000
24.910000
25.410000
25.010000
24.790000
24.440000
24.740000
24.320000
24.290000
24.450000
24.370000
24.550000
24.370000
24.380000
24.440000
24.410000
24.560000
24.410000
24.590000
24.580000
24.240000
24.200000
24.260000
24.600000
24.450000
24.280000
24.140000
23.670000
23.660000
22.980000
22.860000
22.650000
22.830000
23.330000
23.510000
23.670000
23.260000
23.580000
23.600000
23.760000
23.400000
23.840000
23.930000
23.900000
24.080000
23.630000
22.380000
22.710000
22.930000
23.150000
22.940000
22.960000
22.230000
22.220000
22.570000
22.860000
22.800000
22.560000
22.730000
23.030000
22.900000
22.880000
22.220000
22.310000
21.640000
21.630000
21.880000
22.110000
22.700000
22.110000
21.720000
21.450000
21.610000
21.280000
21.030000
21.610000
20.830000
20.750000
20.540000
20.380000
20.280000
20.030000
19.910000
19.610000
18.880000
18.760000
18.760000
19.450000
19.940000
20.000000
19.880000
19.410000
19.940000
20.070000
19.670000
20.050000
19.880000
19.700000
19.900000
20.040000
20.390000
20.670000
20.660000
20.610000
20.530000
19.950000
20.010000
19.990000
20.050000
19.630000
19.890000
20.750000
20.860000
20.760000
21.400000
21.230000
21.930000
22.250000
21.950000
22.090000
21.940000
22.340000
21.950000
22.160000
22.230000
22.310000
22.220000
22.510000
22.470000
22.160000
22.200000
22.080000
21.820000
21.960000
22.100000
22.770000
23.550000
22.980000
22.820000
22.960000
22.510000
22.580000
22.240000
21.890000
22.350000
22.520000
22.520000
22.670000
22.830000
22.570000
22.500000
22.560000
22.450000
22.760000
23.280000
23.190000
22.930000
23.310000
23.240000
23.080000
22.730000
22.650000
22.180000
22.220000
22.820000
23.160000
22.960000
22.930000
22.950000
23.060000
23.080000
23.150000
23.010000
23.080000
22.880000
22.750000
22.090000
21.950000
21.340000
21.100000
20.810000
20.930000
20.750000
20.480000
21.820000
21.100000
21.660000
21.090000
21.330000
21.930000
21.790000
21.590000
21.680000
21.630000
22.350000
22.460000
22.560000
22.920000
23.230000
22.750000
22.800000
22.560000
22.300000
22.000000
22.240000
23.340000
23.640000
23.800000
23.780000
23.960000
23.400000
23.420000
23.690000
23.770000
23.550000
24.580000
24.620000
24.560000
24.650000
24.700000
24.650000
24.740000
24.740000
25.350000
25.220000
24.880000
25.780000
25.770000
26.040000
25.930000
25.810000
25.680000
25.730000
25.630000
25.970000
26.460000
26.200000
26.120000
25.850000
25.510000
25.620000
25.370000
25.280000
25.510000
25.570000
26.170000
25.300000
25.460000
25.500000
25.160000
25.120000
25.160000
25.070000
25.010000
25.010000
25.250000
24.160000
23.590000
23.690000
23.320000
23.420000
23.500000
23.410000
23.370000
23.390000
23.220000
22.990000
22.820000
23.110000
22.950000
23.520000
23.250000
23.910000
24.270000
24.470000
24.620000
24.790000
24.800000
24.720000
25.250000
25.180000
25.530000
25.470000
26.060000
26.330000
26.230000
25.860000
25.630000
25.570000
25.840000
25.860000
25.850000
26.370000
26.590000
26.540000
26.810000
25.680000
24.900000
25.260000
25.800000
26.230000
26.530000
26.260000
26.150000
26.310000
26.730000
27.200000
26.970000
26.890000
27.110000
27.010000
27.640000
27.270000
27.550000
27.480000
27.740000
27.860000
28.330000
28.100000
28.140000
27.780000
28.620000
28.160000
28.160000
28.400000
28.790000
29.090000
29.400000
29.220000
29.140000
29.240000
29.390000
29.080000
28.980000
29.160000
28.640000
28.400000
28.500000
28.390000
28.600000
28.640000
28.700000
28.620000
28.740000
28.960000
29.140000
29.490000
29.820000
29.790000
28.590000
28.990000
28.490000
28.620000
29.180000
28.910000
29.930000
29.900000
30.500000
30.660000
30.120000
29.840000
30.400000
30.330000
30.400000
30.590000
30.720000
30.390000
30.530000
30.770000
31.180000
31.280000
30.730000
31.350000
30.530000
30.660000
30.570000
30.860000
30.980000
31.060000
31.080000
31.410000
31.550000
31.210000
30.770000
30.770000
31.100000
30.710000
30.390000
30.280000
30.240000
31.350000
31.340000
30.590000
29.440000
29.930000
28.850000
29.200000
29.860000
29.470000
29.470000
29.650000
29.910000
29.890000
29.660000
29.660000
29.550000
29.690000
28.550000
28.860000
29.020000
29.510000
29.930000
30.040000
30.120000
29.900000
30.360000
29.870000
30.160000
29.480000
29.270000
29.310000
29.140000
28.740000
29.050000
29.100000
29.120000
29.130000
28.750000
29.310000
29.300000
29.800000
29.630000
30.040000
30.070000
30.170000
29.290000
29.440000
29.620000
29.490000
29.630000
30.070000
30.330000
30.820000
31.310000
31.110000
31.250000
31.190000
30.910000
31.080000
30.780000
30.970000
30.870000
30.520000
30.330000
30.210000
30.710000
31.690000
31.330000
31.750000
32.320000
32.340000
32.330000
32.070000
31.750000
31.920000
31.530000
31.470000
31.580000
30.870000
30.850000
30.850000
31.310000
31.220000
30.980000
31.060000
31.500000
31.210000
31.910000
32.410000
32.590000
32.850000
32.480000
32.690000
32.560000
32.810000
33.170000
33.350000
32.930000
33.070000
32.840000
32.890000
32.860000
32.900000
32.860000
32.870000
32.520000
32.400000
32.280000
31.830000
32.030000
31.790000
31.610000
31.790000
32.080000
32.700000
33.070000
33.000000
33.020000
33.070000
33.400000
33.930000
34.290000
34.140000
34.420000
34.980000
35.410000
35.410000
35.560000
35.370000
35.060000
35.030000
34.420000
34.900000
35.200000
35.400000
35.400000
35.520000
35.570000
35.510000
35.780000
35.360000
35.890000
36.180000
36.390000
36.430000
36.460000
36.830000
35.790000
35.240000
35.560000
35.650000
35.440000
35.870000
36.210000
36.130000
36.710000
36.710000
36.730000
36.130000
35.090000
35.350000
34.810000
34.960000
34.880000
34.820000
34.500000
34.630000
35.000000
35.380000
35.690000
36.150000
36.250000
35.910000
35.870000
36.410000
36.100000
35.850000
36.220000
36.100000
36.220000
36.180000
35.860000
35.960000
35.840000
36.070000
35.790000
36.030000
36.790000
36.700000
36.460000
35.340000
36.140000
36.050000
36.420000
36.340000
35.790000
35.860000
35.980000
36.520000
36.580000
36.830000
36.850000
36.770000
36.880000
36.930000
36.970000
37.220000
36.850000
37.270000
37.540000
37.500000
37.840000
37.860000
37.530000
37.380000
37.650000
38.070000
38.300000
37.820000
38.240000
37.770000
37.070000
37.140000
37.250000
37.050000
37.550000
38.130000
38.440000
38.270000
38.460000
38.460000
38.770000
38.970000
40.350000
40.440000
40.820000
40.890000
41.250000
41.500000
41.070000
41.120000
41.210000
41.320000
41.160000
41.200000
42.150000
42.130000
42.330000
42.100000
42.150000
42.190000
42.430000
42.510000
42.430000
41.640000
41.720000
42.010000
41.860000
41.540000
42.100000
42.070000
42.210000
42.580000
42.410000
42.990000
41.090000
40.930000
39.410000
39.600000
39.700000
39.390000
39.200000
38.680000
39.010000
39.000000
39.370000
39.300000
39.290000
39.400000
39.500000
39.400000
39.340000
39.440000
39.230000
39.630000
38.950000
39.080000
39.740000
39.650000
41.020000
41.710000
41.490000
42.460000
42.440000
42.180000
41.300000
41.030000
41.190000
42.230000
43.130000
44.570000
44.670000
46.380000
46.280000
45.330000
45.100000
45.720000
45.400000
44.880000
45.310000
45.450000
44.510000
42.950000
43.590000
41.880000
40.360000
41.470000
42.530000
42.380000
43.050000
43.520000
43.480000
43.740000
42.890000
42.390000
43.900000
44.410000
43.620000
43.350000
42.720000
43.010000
43.490000
43.540000
44.200000
43.800000
44.590000
45.220000
44.990000
45.150000
45.310000
44.970000
44.600000
44.830000
44.700000
43.690000
42.580000
44.270000
43.290000
42.690000
43.760000
42.500000
43.480000
43.940000
43.320000
42.420000
43.070000
43.580000
43.380000
43.850000
42.650000
42.870000
42.310000
41.920000
39.530000
38.950000
38.750000
38.750000
38.170000
38.170000
38.170000
38.450000
38.930000
37.750000
38.100000
38.590000
38.450000
39.180000
39.350000
39.770000
39.910000
39.950000
39.300000
39.790000
38.960000
38.420000
39.470000
39.640000
39.650000
39.270000
39.300000
38.160000
38.340000
38.700000
39.200000
39.970000
39.540000
39.560000
39.520000
38.930000
38.760000
39.200000
39.050000
38.600000
38.690000
38.250000
37.560000
38.350000
37.620000
38.120000
36.510000
36.460000
35.510000
35.940000
36.560000
36.540000
36.390000
36.590000
37.270000
37.830000
37.930000
36.970000
37.310000
37.770000
37.790000
38.040000
38.410000
39.810000
40.730000
40.740000
40.390000
40.890000
40.820000
41.450000
41.090000
41.210000
41.710000
41.550000
41.690000
41.070000
41.240000
41.970000
41.840000
41.030000
40.710000
40.910000
40.450000
40.410000
40.130000
40.100000
40.890000
40.900000
40.680000
41.240000
41.530000
42.350000
44.130000
43.460000
43.600000
44.110000
44.220000
44.050000
44.880000
44.620000
44.550000
43.940000
43.430000
44.410000
43.760000
43.560000
44.020000
44.170000
44.060000
44.890000
44.170000
44.270000
44.760000
44.160000
44.660000
43.620000
43.960000
42.430000
41.630000
40.960000
40.900000
39.350000
38.940000
39.660000
38.750000
40.010000
39.570000
38.540000
38.450000
38.720000
38.000000
36.480000
37.390000
36.670000
36.330000
37.780000
38.100000
39.050000
38.780000
38.480000
38.730000
39.180000
38.700000
38.070000
37.060000
37.400000
37.840000
38.520000
36.870000
36.050000
35.640000
36.170000
35.960000
36.840000
36.800000
38.010000
37.930000
37.590000
38.730000
37.440000
36.860000
36.520000
36.430000
36.700000
37.380000
37.330000
36.530000
36.220000
36.760000
36.230000
35.880000
35.710000
35.290000
36.760000
36.780000
37.140000
36.910000
36.520000
34.360000
34.970000
35.230000
34.940000
35.610000
36.420000
36.610000
35.760000
36.040000
35.640000
36.290000
36.840000
36.370000
36.490000
37.640000
38.140000
37.440000
36.330000
37.380000
37.620000
37.570000
37.940000
38.250000
38.740000
38.120000
37.790000
38.290000
38.640000
38.130000
38.060000
38.090000
38.460000
39.000000
38.980000
39.390000
39.580000
39.600000
39.450000
39.050000
39.390000
39.150000
39.020000
38.790000
38.630000
38.200000
38.640000
38.900000
39.210000
38.820000
39.650000
39.850000
39.760000
39.850000
41.040000
40.430000
39.920000
40.400000
40.200000
40.340000
40.960000
41.370000
41.270000
41.790000
42.040000
42.230000
42.390000
42.210000
42.370000
42.100000
42.580000
42.610000
43.010000
44.390000
45.400000
45.150000
45.420000
45.410000
44.480000
43.940000
43.830000
43.820000
43.820000
44.400000
44.710000
43.760000
43.760000
43.700000
43.250000
42.830000
40.990000
41.970000
41.970000
41.530000
40.250000
38.660000
39.300000
38.900000
38.070000
38.200000
37.650000
37.690000
38.040000
38.350000
38.820000
39.060000
38.230000
38.440000
38.820000
39.620000
39.960000
39.460000
39.450000
37.840000
37.660000
39.210000
39.400000
40.510000
40.520000
39.980000
38.920000
39.080000
39.590000
39.170000
41.380000
40.800000
40.330000
39.930000
39.320000
39.670000
40.710000
40.900000
41.230000
41.820000
41.770000
41.630000
43.190000
43.830000
44.600000
44.420000
44.540000
43.620000
43.460000
43.940000
43.110000
42.630000
41.870000
41.650000
39.870000
41.260000
41.260000
41.900000
41.410000
40.960000
41.840000
40.430000
40.860000
41.540000
41.780000
41.940000
42.580000
42.130000
40.950000
41.340000
41.350000
41.650000
42.280000
42.630000
41.720000
43.150000
44.240000
43.710000
43.850000
44.100000
44.220000
44.070000
44.740000
44.600000
45.130000
45.040000
44.900000
43.870000
44.070000
44.120000
45.010000
46.460000
45.510000
46.480000
47.190000
46.430000
47.130000
47.420000
47.950000
47.860000
48.680000
48.930000
49.420000
49.910000
50.390000
50.130000
49.750000
49.280000
50.000000
50.640000
50.170000
50.950000
51.130000
51.310000
51.470000
51.910000
51.630000
52.100000
53.490000
53.550000
53.640000
53.670000
52.830000
52.600000
52.150000
52.880000
52.480000
53.290000
53.420000
53.760000
53.500000
52.980000
52.790000
53.760000
53.630000
53.890000
53.090000
52.980000
52.780000
53.180000
54.400000
54.940000
54.460000
54.520000
55.900000
58.610000
58.250000
58.540000
59.230000
59.100000
57.960000
57.930000
58.220000
57.760000
58.250000
58.460000
57.850000
58.100000
60.040000
58.060000
57.390000
58.320000
58.750000
59.230000
58.860000
60.060000
60.320000
58.390000
58.750000
58.580000
58.240000
58.350000
57.480000
57.730000
55.260000
57.090000
57.190000
55.800000
53.940000
54.770000
57.520000
57.920000
58.020000
56.200000
57.020000
58.660000
59.630000
59.330000
58.190000
56.180000
57.640000
56.480000
55.590000
54.120000
53.860000
55.030000
53.290000
53.840000
55.980000
54.880000
57.080000
55.730000
55.070000
51.830000
54.510000
52.240000
48.690000
52.230000
44.900000
48.540000
44.370000
43.890000
44.530000
45.260000
48.870000
49.000000
49.870000
46.910000
47.820000
47.790000
46.510000
48.130000
47.060000
49.970000
49.720000
50.270000
48.330000
48.750000
50.630000
49.660000
52.400000
53.690000
52.590000
51.370000
52.950000
52.640000
52.730000
53.510000
52.760000
54.480000
53.130000
51.100000
52.150000
51.710000
52.130000
52.330000
52.910000
52.400000
51.100000
50.920000
52.100000
49.800000
51.870000
50.810000
51.840000
50.750000
49.800000
50.820000
51.740000
50.280000
50.330000
51.030000
52.010000
53.060000
54.280000
55.200000
55.570000
56.610000
57.550000
55.040000
56.000000
56.020000
55.800000
56.600000
56.150000
55.310000
56.000000
56.760000
56.580000
57.040000
56.330000
56.390000
56.770000
56.820000
58.620000
61.880000
60.710000
62.590000
64.780000
63.850000
65.070000
66.960000
66.060000
66.590000
66.400000
66.890000
