50.010000
49.990000
50.000000
50.020000
50.030000
50.030000
50.040000
50.020000
50.020000
50.040000
50.040000
50.070000
50.060000
50.070000
50.060000
50.060000
50.080000
50.060000
50.080000
50.070000
50.070000
50.080000
50.090000
50.010000
50.000000
50.020000
50.040000
50.040000
50.040000
50.020000
50.030000
50.020000
50.020000
50.040000
50.050000
50.020000
50.060000
50.080000
50.080000
50.100000
50.100000
50.090000
50.120000
50.030000
50.040000
50.070000
50.060000
50.080000
50.070000
50.080000
50.090000
50.080000
50.080000
50.100000
50.100000
50.110000
50.100000
50.140000
50.120000
50.130000
50.140000
50.140000
50.120000
50.140000
50.140000
50.160000
50.080000
50.080000
50.100000
50.090000
50.100000
50.080000
50.080000
50.070000
50.080000
50.090000
50.100000
50.120000
50.120000
50.100000
50.110000
50.110000
50.120000
50.120000
50.130000
50.110000
50.060000
50.080000
50.080000
50.080000
50.080000
50.100000
50.100000
50.100000
50.110000
50.130000
50.130000
50.130000
50.130000
50.140000
50.150000
50.160000
50.190000
50.220000
50.110000
50.110000
50.080000
50.090000
50.090000
50.120000
50.120000
50.140000
50.150000
50.140000
50.160000
50.160000
50.180000
50.180000
50.180000
50.200000
50.190000
50.210000
50.220000
50.230000
50.240000
50.240000
50.240000
50.250000
50.150000
50.160000
50.110000
50.160000
50.160000
50.180000
50.190000
50.200000
50.190000
50.200000
50.190000
50.200000
50.200000
50.210000
50.240000
50.260000
50.230000
50.240000
50.290000
50.160000
50.160000
50.560000
50.180000
50.180000
50.200000
50.040000
49.960000
49.840000
49.570000
49.340000
49.160000
48.860000
48.820000
48.390000
48.050000
47.800000
47.680000
47.850000
47.950000
48.300000
48.380000
48.390000
48.380000
48.460000
48.450000
48.470000
48.440000
48.460000
48.620000
48.720000
48.790000
48.780000
48.790000
48.820000
48.880000
48.830000
48.840000
48.840000
48.840000
48.850000
48.890000
49.450000
48.880000
48.880000
48.880000
48.920000
48.950000
48.930000
48.960000
48.980000
48.980000
49.010000
49.000000
49.040000
49.080000
49.120000
49.140000
49.150000
49.180000
49.200000
49.230000
49.280000
49.240000
49.240000
49.300000
49.320000
49.350000
49.400000
49.410000
49.430000
49.410000
49.360000
49.340000
49.330000
49.430000
49.440000
49.440000
49.460000
49.480000
49.520000
49.480000
49.450000
49.490000
49.500000
49.440000
49.440000
49.460000
49.490000
49.470000
49.480000
49.480000
49.460000
49.480000
49.480000
49.500000
49.520000
49.520000
